-4.900000000000000000e+01 1.776356839400236857e-15
-4.700000000000000000e+01 3.927524971913927120e-12
-4.500000000000000000e+01 1.744687949667411012e-09
-4.300000000000000000e+01 2.696695773352056717e-07
-4.100000000000000000e+01 1.774000181597999330e-05
-3.900000000000000000e+01 5.393828907287415587e-04
-3.700000000000000000e+01 7.682125923984924748e-03
-3.500000000000000000e+01 4.851822666301296161e-02
-3.300000000000000000e+01 1.139421055270225386e-01
-3.100000000000000000e+01 5.580766133638054294e-02
-2.900000000000000000e+01 2.231318256837494865e-02
-2.700000000000000000e+01 3.869786698694325372e-02
-2.500000000000000000e+01 2.427481394794720262e-02
-2.300000000000000000e+01 1.618819601568318930e-02
-2.100000000000000000e+01 2.732105528470877079e-02
-1.900000000000000000e+01 1.737621659491837833e-02
-1.700000000000000000e+01 1.296762530117048784e-02
-1.500000000000000000e+01 1.620398156229353737e-02
-1.300000000000000000e+01 1.717739507509452590e-02
-1.100000000000000000e+01 1.541474610539229732e-02
-9.000000000000000000e+00 1.371936452559898226e-02
-7.000000000000000000e+00 1.300658770080067098e-02
-5.000000000000000000e+00 1.289451467945914448e-02
-3.000000000000000000e+00 1.294740213867832772e-02
-1.000000000000000000e+00 1.298953775179249523e-02
1.000000000000000000e+00 1.298953775179249523e-02
3.000000000000000000e+00 1.294740213867832772e-02
5.000000000000000000e+00 1.289451467945914448e-02
7.000000000000000000e+00 1.300658770080067098e-02
9.000000000000000000e+00 1.371936452559898226e-02
1.100000000000000000e+01 1.541474610539229732e-02
1.300000000000000000e+01 1.717739507509452590e-02
1.500000000000000000e+01 1.620398156229353737e-02
1.700000000000000000e+01 1.296762530117048784e-02
1.900000000000000000e+01 1.737621659491837833e-02
2.100000000000000000e+01 2.732105528470877079e-02
2.300000000000000000e+01 1.618819601568318930e-02
2.500000000000000000e+01 2.427481394794720262e-02
2.700000000000000000e+01 3.869786698694325372e-02
2.900000000000000000e+01 2.231318256837494865e-02
3.100000000000000000e+01 5.580766133638054294e-02
3.300000000000000000e+01 1.139421055270225386e-01
3.500000000000000000e+01 4.851822666301296161e-02
3.700000000000000000e+01 7.682125923984924748e-03
3.900000000000000000e+01 5.393828907287415587e-04
4.100000000000000000e+01 1.774000181597999330e-05
4.300000000000000000e+01 2.696695773352056717e-07
4.500000000000000000e+01 1.744687949667411012e-09
4.700000000000000000e+01 3.927524971913927120e-12
4.900000000000000000e+01 1.776356839400236857e-15
