-4.900000000000000000e+01 1.776356839400236265e-15
-4.700000000000000000e+01 3.927524971913925505e-12
-4.500000000000000000e+01 1.744687949667408324e-09
-4.300000000000000000e+01 2.696695773352051953e-07
-4.100000000000000000e+01 1.774000181597996958e-05
-3.900000000000000000e+01 5.393828907287410166e-04
-3.700000000000000000e+01 7.682125923984917809e-03
-3.500000000000000000e+01 4.851822666301287834e-02
-3.300000000000000000e+01 1.139421055270223304e-01
-3.100000000000000000e+01 5.580766133638040416e-02
-2.900000000000000000e+01 2.231318256837491396e-02
-2.700000000000000000e+01 3.869786698694320515e-02
-2.500000000000000000e+01 2.427481394794718875e-02
-2.300000000000000000e+01 1.618819601568319624e-02
-2.100000000000000000e+01 2.732105528470874303e-02
-1.900000000000000000e+01 1.737621659491836792e-02
-1.700000000000000000e+01 1.296762530117046529e-02
-1.500000000000000000e+01 1.620398156229350267e-02
-1.300000000000000000e+01 1.717739507509450855e-02
-1.100000000000000000e+01 1.541474610539226610e-02
-9.000000000000000000e+00 1.371936452559895797e-02
-7.000000000000000000e+00 1.300658770080067098e-02
-5.000000000000000000e+00 1.289451467945912887e-02
-3.000000000000000000e+00 1.294740213867828608e-02
-1.000000000000000000e+00 1.298953775179245707e-02
1.000000000000000000e+00 1.298953775179245707e-02
3.000000000000000000e+00 1.294740213867828608e-02
5.000000000000000000e+00 1.289451467945912887e-02
7.000000000000000000e+00 1.300658770080067098e-02
9.000000000000000000e+00 1.371936452559895797e-02
1.100000000000000000e+01 1.541474610539226610e-02
1.300000000000000000e+01 1.717739507509450855e-02
1.500000000000000000e+01 1.620398156229350267e-02
1.700000000000000000e+01 1.296762530117046529e-02
1.900000000000000000e+01 1.737621659491836792e-02
2.100000000000000000e+01 2.732105528470874303e-02
2.300000000000000000e+01 1.618819601568319624e-02
2.500000000000000000e+01 2.427481394794718875e-02
2.700000000000000000e+01 3.869786698694320515e-02
2.900000000000000000e+01 2.231318256837491396e-02
3.100000000000000000e+01 5.580766133638040416e-02
3.300000000000000000e+01 1.139421055270223304e-01
3.500000000000000000e+01 4.851822666301287834e-02
3.700000000000000000e+01 7.682125923984917809e-03
3.900000000000000000e+01 5.393828907287410166e-04
4.100000000000000000e+01 1.774000181597996958e-05
4.300000000000000000e+01 2.696695773352051953e-07
4.500000000000000000e+01 1.744687949667408324e-09
4.700000000000000000e+01 3.927524971913925505e-12
4.900000000000000000e+01 1.776356839400236265e-15
