-7.990000000000000000e+02 2.999393627790884621e-241
-7.970000000000000000e+02 1.905247825702664212e-235
-7.950000000000000000e+02 2.987799803065670355e-230
-7.930000000000000000e+02 2.056252886231813289e-225
-7.910000000000000000e+02 7.859531502814599635e-221
-7.890000000000000000e+02 1.898164733620583086e-216
-7.870000000000000000e+02 3.142750009292570220e-212
-7.850000000000000000e+02 3.773609180383279771e-208
-7.830000000000000000e+02 3.424111117703411364e-204
-7.810000000000000000e+02 2.422835626128165422e-200
-7.790000000000000000e+02 1.370368011373530478e-196
-7.770000000000000000e+02 6.320895426904589933e-193
-7.750000000000000000e+02 2.417225475013644383e-189
-7.730000000000000000e+02 7.770804546397249948e-186
-7.710000000000000000e+02 2.124904943379922022e-182
-7.690000000000000000e+02 4.992747610857876577e-179
-7.670000000000000000e+02 1.016936024351128344e-175
-7.650000000000000000e+02 1.809500943355641389e-172
-7.630000000000000000e+02 2.832062784251808749e-169
-7.610000000000000000e+02 3.922537656981702748e-166
-7.590000000000000000e+02 4.834110467156520474e-163
-7.570000000000000000e+02 5.326970776191416332e-160
-7.550000000000000000e+02 5.272108472938153597e-157
-7.530000000000000000e+02 4.705204452778179667e-154
-7.510000000000000000e+02 3.800659096106324165e-151
-7.490000000000000000e+02 2.787960924819529274e-148
-7.470000000000000000e+02 1.862960483222552409e-145
-7.450000000000000000e+02 1.137223402202928706e-142
-7.430000000000000000e+02 6.358500212890854251e-140
-7.410000000000000000e+02 3.264279428843090946e-137
-7.390000000000000000e+02 1.542142757743871935e-134
-7.370000000000000000e+02 6.718596918148452844e-132
-7.350000000000000000e+02 2.704576027803813022e-129
-7.330000000000000000e+02 1.007812121348137664e-126
-7.310000000000000000e+02 3.482260040288698604e-124
-7.290000000000000000e+02 1.117475957019692997e-121
-7.270000000000000000e+02 3.335502073028243613e-119
-7.250000000000000000e+02 9.273441645521806004e-117
-7.230000000000000000e+02 2.404645737497191421e-114
-7.210000000000000000e+02 5.822791527909546639e-112
-7.190000000000000000e+02 1.318223920166714169e-109
-7.170000000000000000e+02 2.793207976420724047e-107
-7.150000000000000000e+02 5.545290811111647421e-105
-7.130000000000000000e+02 1.032470085788440058e-102
-7.110000000000000000e+02 1.804528679610098779e-100
-7.090000000000000000e+02 2.963205251492366999e-98
-7.070000000000000000e+02 4.575394465692237106e-96
-7.050000000000000000e+02 6.648159220292190764e-94
-7.030000000000000000e+02 9.097009012695636852e-92
-7.010000000000000000e+02 1.173060890150057767e-89
-6.990000000000000000e+02 1.426430420208201192e-87
-6.970000000000000000e+02 1.636650607151796654e-85
-6.950000000000000000e+02 1.772917671599172881e-83
-6.930000000000000000e+02 1.814201624271577066e-81
-6.910000000000000000e+02 1.754567418603651840e-79
-6.890000000000000000e+02 1.604544514042683665e-77
-6.870000000000000000e+02 1.388121304968760276e-75
-6.850000000000000000e+02 1.136531026367959456e-73
-6.830000000000000000e+02 8.810197958003479576e-72
-6.810000000000000000e+02 6.468464149926209915e-70
-6.790000000000000000e+02 4.499634068488035985e-68
-6.770000000000000000e+02 2.966553269830688590e-66
-6.750000000000000000e+02 1.854188116187466003e-64
-6.730000000000000000e+02 1.099004461949660415e-62
-6.710000000000000000e+02 6.178688062792401441e-61
-6.690000000000000000e+02 3.295652048989058856e-59
-6.670000000000000000e+02 1.668099548796149767e-57
-6.650000000000000000e+02 8.013378125105819368e-56
-6.630000000000000000e+02 3.654182800718579669e-54
-6.610000000000000000e+02 1.581991730801463944e-52
-6.590000000000000000e+02 6.502888200814447044e-51
-6.570000000000000000e+02 2.538258435274416368e-49
-6.550000000000000000e+02 9.408549678835544541e-48
-6.530000000000000000e+02 3.311975285965260421e-46
-6.510000000000000000e+02 1.107234711368140076e-44
-6.490000000000000000e+02 3.515453871677429347e-43
-6.470000000000000000e+02 1.059993636807682049e-41
-6.450000000000000000e+02 3.035192567668437928e-40
-6.430000000000000000e+02 8.252796232367201338e-39
-6.410000000000000000e+02 2.130630390067963633e-37
-6.390000000000000000e+02 5.222238315088436595e-36
-6.370000000000000000e+02 1.215024832474827173e-34
-6.350000000000000000e+02 2.682997859968669456e-33
-6.330000000000000000e+02 5.621821501065946503e-32
-6.310000000000000000e+02 1.117526211659434464e-30
-6.290000000000000000e+02 2.106937620998723862e-29
-6.270000000000000000e+02 3.766470789246835349e-28
-6.250000000000000000e+02 6.382161012117920064e-27
-6.230000000000000000e+02 1.024700996570826224e-25
-6.210000000000000000e+02 1.558305690307864908e-24
-6.190000000000000000e+02 2.243607395499581523e-23
-6.170000000000000000e+02 3.056848773277956542e-22
-6.150000000000000000e+02 3.939202488550840701e-21
-6.130000000000000000e+02 4.798471694319405454e-20
-6.110000000000000000e+02 5.521889829007402981e-19
-6.090000000000000000e+02 5.998842062201193491e-18
-6.070000000000000000e+02 6.147792808009298946e-17
-6.050000000000000000e+02 5.938682701244457070e-16
-6.030000000000000000e+02 5.402487527501883804e-15
-6.010000000000000000e+02 4.623882642528323524e-14
-5.990000000000000000e+02 3.719328306104293223e-13
-5.970000000000000000e+02 2.808379561481522506e-12
-5.950000000000000000e+02 1.988003275047462520e-11
-5.930000000000000000e+02 1.317422528860296372e-10
-5.910000000000000000e+02 8.159958302155112681e-10
-5.890000000000000000e+02 4.715573647890892518e-09
-5.870000000000000000e+02 2.537471363217849904e-08
-5.850000000000000000e+02 1.268571177590138989e-07
-5.830000000000000000e+02 5.877224499801636709e-07
-5.810000000000000000e+02 2.516010996696431550e-06
-5.790000000000000000e+02 9.919306116786815469e-06
-5.770000000000000000e+02 3.587426063913225465e-05
-5.750000000000000000e+02 1.184717821551237204e-04
-5.730000000000000000e+02 3.552833376936611405e-04
-5.710000000000000000e+02 9.610047161007712405e-04
-5.690000000000000000e+02 2.324823976385993491e-03
-5.670000000000000000e+02 4.975379834816684790e-03
-5.650000000000000000e+02 9.282751565936482249e-03
-5.630000000000000000e+02 1.479001485768006822e-02
-5.610000000000000000e+02 1.950293358554518880e-02
-5.590000000000000000e+02 2.019236621695551584e-02
-5.570000000000000000e+02 1.478644423638139117e-02
-5.550000000000000000e+02 5.801973758460622632e-03
-5.530000000000000000e+02 4.010875906173175893e-04
-5.510000000000000000e+02 3.612167075172255035e-03
-5.490000000000000000e+02 1.055270338705601753e-02
-5.470000000000000000e+02 1.068060144818214208e-02
-5.450000000000000000e+02 3.388397672264068655e-03
-5.430000000000000000e+02 7.736176678409662204e-04
-5.410000000000000000e+02 6.897565272342393028e-03
-5.390000000000000000e+02 8.828575327000272310e-03
-5.370000000000000000e+02 2.280537773121403718e-03
-5.350000000000000000e+02 1.670780026792477273e-03
-5.330000000000000000e+02 7.652755072172718123e-03
-5.310000000000000000e+02 4.997020886859011163e-03
-5.290000000000000000e+02 5.285725058603728439e-04
-5.270000000000000000e+02 5.650700120548315941e-03
-5.250000000000000000e+02 5.587110994130431788e-03
-5.230000000000000000e+02 5.367949932810997830e-04
-5.210000000000000000e+02 4.967589966901493452e-03
-5.190000000000000000e+02 4.911754570445066997e-03
-5.170000000000000000e+02 5.777165074318788875e-04
-5.150000000000000000e+02 5.313383035132904914e-03
-5.130000000000000000e+02 3.332548539399910435e-03
-5.110000000000000000e+02 1.226832244459487341e-03
-5.090000000000000000e+02 5.594884458650546850e-03
-5.070000000000000000e+02 1.279846291574782179e-03
-5.050000000000000000e+02 3.209195055088288721e-03
-5.030000000000000000e+02 4.096194357358360835e-03
-5.010000000000000000e+02 7.865717749086557041e-04
-4.990000000000000000e+02 4.923296612150455942e-03
-4.970000000000000000e+02 1.152149337994996022e-03
-4.950000000000000000e+02 3.351043734893966158e-03
-4.930000000000000000e+02 2.931434793630580647e-03
-4.910000000000000000e+02 1.491608421431951572e-03
-4.890000000000000000e+02 4.156260212202595936e-03
-4.870000000000000000e+02 6.724438661349767818e-04
-4.850000000000000000e+02 4.245601105005944800e-03
-4.830000000000000000e+02 8.606441461080946258e-04
-4.810000000000000000e+02 3.608717738142090854e-03
-4.790000000000000000e+02 1.492284780618546337e-03
-4.770000000000000000e+02 2.797682168872478621e-03
-4.750000000000000000e+02 2.115847765647507761e-03
-4.730000000000000000e+02 2.128707129425861603e-03
-4.710000000000000000e+02 2.541656378627588694e-03
-4.690000000000000000e+02 1.688605316737724947e-03
-4.670000000000000000e+02 2.752357778346156605e-03
-4.650000000000000000e+02 1.452220909066169073e-03
-4.630000000000000000e+02 2.791269273048731497e-03
-4.610000000000000000e+02 1.372153675542451276e-03
-4.590000000000000000e+02 2.698860668801627335e-03
-4.570000000000000000e+02 1.418069145156599297e-03
-4.550000000000000000e+02 2.493109754589464995e-03
-4.530000000000000000e+02 1.581276195366132509e-03
-4.510000000000000000e+02 2.176281291196148753e-03
-4.490000000000000000e+02 1.859061663629631893e-03
-4.470000000000000000e+02 1.757831196234893416e-03
-4.450000000000000000e+02 2.225896169233989880e-03
-4.430000000000000000e+02 1.287153989052337941e-03
-4.410000000000000000e+02 2.600017339703624645e-03
-4.390000000000000000e+02 8.822452225797736570e-04
-4.370000000000000000e+02 2.827364495111526609e-03
-4.350000000000000000e+02 7.232108736347395931e-04
-4.330000000000000000e+02 2.721189385179825695e-03
-4.310000000000000000e+02 9.711531605625818835e-04
-4.290000000000000000e+02 2.186623833432827478e-03
-4.270000000000000000e+02 1.609572345711032153e-03
-4.250000000000000000e+02 1.388129236976089458e-03
-4.230000000000000000e+02 2.310392932555378059e-03
-4.210000000000000000e+02 7.947554974048422118e-04
-4.190000000000000000e+02 2.533262279479670843e-03
-4.170000000000000000e+02 9.003903070839176922e-04
-4.150000000000000000e+02 1.976317106194090852e-03
-4.130000000000000000e+02 1.678354753217171100e-03
-4.110000000000000000e+02 1.067720533951572060e-03
-4.090000000000000000e+02 2.339853253367817857e-03
-4.070000000000000000e+02 7.741331472110633089e-04
-4.050000000000000000e+02 2.040562364934769141e-03
-4.030000000000000000e+02 1.483931412674263216e-03
-4.010000000000000000e+02 1.079756875407699964e-03
-3.990000000000000000e+02 2.215272776123466611e-03
-3.970000000000000000e+02 8.110525675228993751e-04
-3.950000000000000000e+02 1.793010937985679192e-03
-3.930000000000000000e+02 1.654464730295421597e-03
-3.910000000000000000e+02 8.578549483420210313e-04
-3.890000000000000000e+02 2.106168677753158559e-03
-3.870000000000000000e+02 1.069891698463920496e-03
-3.850000000000000000e+02 1.262214591797594003e-03
-3.830000000000000000e+02 1.971314865938690597e-03
-3.810000000000000000e+02 7.954539990332609592e-04
-3.790000000000000000e+02 1.620880215119430623e-03
-3.770000000000000000e+02 1.663767129090036210e-03
-3.750000000000000000e+02 7.752321126569703888e-04
-3.730000000000000000e+02 1.801769557452307345e-03
-3.710000000000000000e+02 1.389021928556654359e-03
-3.690000000000000000e+02 8.527307917794728267e-04
-3.670000000000000000e+02 1.843575072411030155e-03
-3.650000000000000000e+02 1.214655296703050615e-03
-3.630000000000000000e+02 9.215763848578310564e-04
-3.610000000000000000e+02 1.817596647419641434e-03
-3.590000000000000000e+02 1.135957894966721331e-03
-3.570000000000000000e+02 9.399954365925808830e-04
-3.550000000000000000e+02 1.767441111486556986e-03
-3.530000000000000000e+02 1.134278059431384359e-03
-3.510000000000000000e+02 9.056207893917735119e-04
-3.490000000000000000e+02 1.700694571961614780e-03
-3.470000000000000000e+02 1.198288263322547405e-03
-3.450000000000000000e+02 8.393078850377630939e-04
-3.430000000000000000e+02 1.597842844015412607e-03
-3.410000000000000000e+02 1.318019462702935563e-03
-3.390000000000000000e+02 7.836153391949155205e-04
-3.370000000000000000e+02 1.429111647683331716e-03
-3.350000000000000000e+02 1.463245078440824753e-03
-3.330000000000000000e+02 8.013329304618955519e-04
-3.310000000000000000e+02 1.185624143301900434e-03
-3.290000000000000000e+02 1.561446096086411151e-03
-3.270000000000000000e+02 9.496434017470499218e-04
-3.250000000000000000e+02 9.236650729341874984e-04
-3.230000000000000000e+02 1.508130584476363245e-03
-3.210000000000000000e+02 1.214424539706095976e-03
-3.190000000000000000e+02 7.834084931621515015e-04
-3.170000000000000000e+02 1.249238944664604091e-03
-3.150000000000000000e+02 1.444470154428295020e-03
-3.130000000000000000e+02 9.051259492780432212e-04
-3.110000000000000000e+02 9.098901725042590370e-04
-3.090000000000000000e+02 1.410449655586807315e-03
-3.070000000000000000e+02 1.229873104578058703e-03
-3.050000000000000000e+02 7.930542165637940923e-04
-3.030000000000000000e+02 1.071785819144769388e-03
-3.010000000000000000e+02 1.408643362672801517e-03
-2.990000000000000000e+02 1.057838485848230968e-03
-2.970000000000000000e+02 7.921980045178643069e-04
-2.950000000000000000e+02 1.159229363710828067e-03
-2.930000000000000000e+02 1.351288585872888583e-03
-2.910000000000000000e+02 9.699913780694455591e-04
-2.890000000000000000e+02 8.092471715255308926e-04
-2.870000000000000000e+02 1.171747843409463256e-03
-2.850000000000000000e+02 1.303539972745674201e-03
-2.830000000000000000e+02 9.487097425480330980e-04
-2.810000000000000000e+02 8.073704895998458711e-04
-2.790000000000000000e+02 1.129389568999102133e-03
-2.770000000000000000e+02 1.278110165056887048e-03
-2.750000000000000000e+02 9.784650498759674825e-04
-2.730000000000000000e+02 7.926783465391153312e-04
-2.710000000000000000e+02 1.041808351751378429e-03
-2.690000000000000000e+02 1.253410260830616378e-03
-2.670000000000000000e+02 1.051655825863261106e-03
-2.650000000000000000e+02 7.991641517048004087e-04
-2.630000000000000000e+02 9.209994874591490369e-04
-2.610000000000000000e+02 1.186391781607065710e-03
-2.590000000000000000e+02 1.143037570490929630e-03
-2.570000000000000000e+02 8.717669861372382215e-04
-2.550000000000000000e+02 8.132934378259945151e-04
-2.530000000000000000e+02 1.042194519207892802e-03
-2.510000000000000000e+02 1.181265492649473652e-03
-2.490000000000000000e+02 1.017223885192924211e-03
-2.470000000000000000e+02 8.085677880199527295e-04
-2.450000000000000000e+02 8.616810734831702786e-04
-2.430000000000000000e+02 1.079045144758908900e-03
-2.410000000000000000e+02 1.134359042898202283e-03
-2.390000000000000000e+02 9.541035834840659504e-04
-2.370000000000000000e+02 7.976648223249124944e-04
-2.350000000000000000e+02 8.727588163081618621e-04
-2.330000000000000000e+02 1.060378547907378163e-03
-2.310000000000000000e+02 1.101755488215748697e-03
-2.290000000000000000e+02 9.478682480257513438e-04
-2.270000000000000000e+02 8.029739149565650594e-04
-2.250000000000000000e+02 8.443584999810781547e-04
-2.230000000000000000e+02 1.005743367574633406e-03
-2.210000000000000000e+02 1.080622647202550283e-03
-2.190000000000000000e+02 9.818752546779225231e-04
-2.170000000000000000e+02 8.324473297354666266e-04
-2.150000000000000000e+02 8.036580750221744085e-04
-2.130000000000000000e+02 9.169442229875891630e-04
-2.110000000000000000e+02 1.034766423469382288e-03
-2.090000000000000000e+02 1.026052335365826426e-03
-2.070000000000000000e+02 9.055825340299085554e-04
-2.050000000000000000e+02 8.038241787728045776e-04
-2.030000000000000000e+02 8.210275843297563459e-04
-2.010000000000000000e+02 9.292113287480449450e-04
-1.990000000000000000e+02 1.013089652110563902e-03
-1.970000000000000000e+02 9.909658328535785390e-04
-1.950000000000000000e+02 8.888465666077616798e-04
-1.930000000000000000e+02 8.047715379690004254e-04
-1.910000000000000000e+02 8.116051772361016284e-04
-1.890000000000000000e+02 8.946139848673704317e-04
-1.870000000000000000e+02 9.739447728942909107e-04
-1.850000000000000000e+02 9.802851100587943369e-04
-1.830000000000000000e+02 9.118734757011112083e-04
-1.810000000000000000e+02 8.283431090422284197e-04
-1.790000000000000000e+02 7.957970080076925967e-04
-1.770000000000000000e+02 8.340695867126621775e-04
-1.750000000000000000e+02 9.068327463769407151e-04
-1.730000000000000000e+02 9.555051528044747420e-04
-1.710000000000000000e+02 9.449704945758263114e-04
-1.690000000000000000e+02 8.860135163457787989e-04
-1.670000000000000000e+02 8.221977438871955375e-04
-1.650000000000000000e+02 7.959712272479833699e-04
-1.630000000000000000e+02 8.203594083151096936e-04
-1.610000000000000000e+02 8.741138102047366727e-04
-1.590000000000000000e+02 9.196046879681393522e-04
-1.570000000000000000e+02 9.283604849871067172e-04
-1.550000000000000000e+02 8.971965594059726689e-04
-1.530000000000000000e+02 8.468061789728240519e-04
-1.510000000000000000e+02 8.066483581350847179e-04
-1.490000000000000000e+02 7.971781596269243665e-04
-1.470000000000000000e+02 8.198296300836918193e-04
-1.450000000000000000e+02 8.588451832116201449e-04
-1.430000000000000000e+02 8.918582761585019210e-04
-1.410000000000000000e+02 9.021595497701359167e-04
-1.390000000000000000e+02 8.861431512440587702e-04
-1.370000000000000000e+02 8.531616601868417847e-04
-1.350000000000000000e+02 8.192795836051275631e-04
-1.330000000000000000e+02 7.989935539989738780e-04
-1.310000000000000000e+02 7.990671814691848243e-04
-1.290000000000000000e+02 8.167944622202445281e-04
-1.270000000000000000e+02 8.425705104648519798e-04
-1.250000000000000000e+02 8.648415498995396227e-04
-1.230000000000000000e+02 8.749454663199220409e-04
-1.210000000000000000e+02 8.699528480392643625e-04
-1.190000000000000000e+02 8.528282249491118830e-04
-1.170000000000000000e+02 8.304081120308367918e-04
-1.150000000000000000e+02 8.103876504363085242e-04
-1.130000000000000000e+02 7.985874281206659965e-04
-1.110000000000000000e+02 7.973742579078665037e-04
-1.090000000000000000e+02 8.055083515615671028e-04
-1.070000000000000000e+02 8.191513950133271198e-04
-1.050000000000000000e+02 8.334612047778466653e-04
-1.030000000000000000e+02 8.441567827129478271e-04
-1.010000000000000000e+02 8.486001019659503587e-04
-9.900000000000000000e+01 8.461978302352258672e-04
-9.700000000000000000e+01 8.381712157961722408e-04
-9.500000000000000000e+01 8.269058104215479699e-04
-9.300000000000000000e+01 8.151511742783906170e-04
-9.100000000000000000e+01 8.053089882489744295e-04
-8.900000000000000000e+01 7.989620188548834327e-04
-8.700000000000000000e+01 7.966957400841371368e-04
-8.500000000000000000e+01 7.981799501152093707e-04
-8.300000000000000000e+01 8.024259574337454064e-04
-8.100000000000000000e+01 8.081185012597019626e-04
-7.900000000000000000e+01 8.139333633702770928e-04
-7.700000000000000000e+01 8.187798987241261001e-04
-7.500000000000000000e+01 8.219407008433452259e-04
-7.300000000000000000e+01 8.231094228543039092e-04
-7.100000000000000000e+01 8.223474737093945924e-04
-6.900000000000000000e+01 8.199896942685026315e-04
-6.700000000000000000e+01 8.165296447659697561e-04
-6.500000000000000000e+01 8.125096384014528998e-04
-6.300000000000000000e+01 8.084322320473301231e-04
-6.100000000000000000e+01 8.047011377128141397e-04
-5.900000000000000000e+01 8.015921958263618049e-04
-5.700000000000000000e+01 7.992500057571486028e-04
-5.500000000000000000e+01 7.977031583005968901e-04
-5.300000000000000000e+01 7.968903931113524661e-04
-5.100000000000000000e+01 7.966908119298812558e-04
-4.900000000000000000e+01 7.969528824773400863e-04
-4.700000000000000000e+01 7.975188287982558182e-04
-4.500000000000000000e+01 7.982427368658933948e-04
-4.300000000000000000e+01 7.990020874503449711e-04
-4.100000000000000000e+01 7.997033779898530918e-04
-3.900000000000000000e+01 8.002830271079782376e-04
-3.700000000000000000e+01 8.007049434952113846e-04
-3.500000000000000000e+01 8.009560830917611396e-04
-3.300000000000000000e+01 8.010411121406638916e-04
-3.100000000000000000e+01 8.009770206456267271e-04
-2.900000000000000000e+01 8.007882513256651177e-04
-2.700000000000000000e+01 8.005026615311350204e-04
-2.500000000000000000e+01 8.001484391175258531e-04
-2.300000000000000000e+01 7.997519531419098205e-04
-2.100000000000000000e+01 7.993364323485080067e-04
-1.900000000000000000e+01 7.989213195946905186e-04
-1.700000000000000000e+01 7.985221376585231127e-04
-1.500000000000000000e+01 7.981507106136678104e-04
-1.300000000000000000e+01 7.978156060602884393e-04
-1.100000000000000000e+01 7.975226899328921202e-04
-9.000000000000000000e+00 7.972757124400734743e-04
-7.000000000000000000e+00 7.970768678512828859e-04
-5.000000000000000000e+00 7.969272907318751065e-04
-3.000000000000000000e+00 7.968274663186377359e-04
-1.000000000000000000e+00 7.967775432264723005e-04
1.000000000000000000e+00 7.967775432264723005e-04
3.000000000000000000e+00 7.968274663186377359e-04
5.000000000000000000e+00 7.969272907318751065e-04
7.000000000000000000e+00 7.970768678512828859e-04
9.000000000000000000e+00 7.972757124400734743e-04
1.100000000000000000e+01 7.975226899328921202e-04
1.300000000000000000e+01 7.978156060602884393e-04
1.500000000000000000e+01 7.981507106136678104e-04
1.700000000000000000e+01 7.985221376585231127e-04
1.900000000000000000e+01 7.989213195946905186e-04
2.100000000000000000e+01 7.993364323485080067e-04
2.300000000000000000e+01 7.997519531419098205e-04
2.500000000000000000e+01 8.001484391175258531e-04
2.700000000000000000e+01 8.005026615311350204e-04
2.900000000000000000e+01 8.007882513256651177e-04
3.100000000000000000e+01 8.009770206456267271e-04
3.300000000000000000e+01 8.010411121406638916e-04
3.500000000000000000e+01 8.009560830917611396e-04
3.700000000000000000e+01 8.007049434952113846e-04
3.900000000000000000e+01 8.002830271079782376e-04
4.100000000000000000e+01 7.997033779898530918e-04
4.300000000000000000e+01 7.990020874503449711e-04
4.500000000000000000e+01 7.982427368658933948e-04
4.700000000000000000e+01 7.975188287982558182e-04
4.900000000000000000e+01 7.969528824773400863e-04
5.100000000000000000e+01 7.966908119298812558e-04
5.300000000000000000e+01 7.968903931113524661e-04
5.500000000000000000e+01 7.977031583005968901e-04
5.700000000000000000e+01 7.992500057571486028e-04
5.900000000000000000e+01 8.015921958263618049e-04
6.100000000000000000e+01 8.047011377128141397e-04
6.300000000000000000e+01 8.084322320473301231e-04
6.500000000000000000e+01 8.125096384014528998e-04
6.700000000000000000e+01 8.165296447659697561e-04
6.900000000000000000e+01 8.199896942685026315e-04
7.100000000000000000e+01 8.223474737093945924e-04
7.300000000000000000e+01 8.231094228543039092e-04
7.500000000000000000e+01 8.219407008433452259e-04
7.700000000000000000e+01 8.187798987241261001e-04
7.900000000000000000e+01 8.139333633702770928e-04
8.100000000000000000e+01 8.081185012597019626e-04
8.300000000000000000e+01 8.024259574337454064e-04
8.500000000000000000e+01 7.981799501152093707e-04
8.700000000000000000e+01 7.966957400841371368e-04
8.900000000000000000e+01 7.989620188548834327e-04
9.100000000000000000e+01 8.053089882489744295e-04
9.300000000000000000e+01 8.151511742783906170e-04
9.500000000000000000e+01 8.269058104215479699e-04
9.700000000000000000e+01 8.381712157961722408e-04
9.900000000000000000e+01 8.461978302352258672e-04
1.010000000000000000e+02 8.486001019659503587e-04
1.030000000000000000e+02 8.441567827129478271e-04
1.050000000000000000e+02 8.334612047778466653e-04
1.070000000000000000e+02 8.191513950133271198e-04
1.090000000000000000e+02 8.055083515615671028e-04
1.110000000000000000e+02 7.973742579078665037e-04
1.130000000000000000e+02 7.985874281206659965e-04
1.150000000000000000e+02 8.103876504363085242e-04
1.170000000000000000e+02 8.304081120308367918e-04
1.190000000000000000e+02 8.528282249491118830e-04
1.210000000000000000e+02 8.699528480392643625e-04
1.230000000000000000e+02 8.749454663199220409e-04
1.250000000000000000e+02 8.648415498995396227e-04
1.270000000000000000e+02 8.425705104648519798e-04
1.290000000000000000e+02 8.167944622202445281e-04
1.310000000000000000e+02 7.990671814691848243e-04
1.330000000000000000e+02 7.989935539989738780e-04
1.350000000000000000e+02 8.192795836051275631e-04
1.370000000000000000e+02 8.531616601868417847e-04
1.390000000000000000e+02 8.861431512440587702e-04
1.410000000000000000e+02 9.021595497701359167e-04
1.430000000000000000e+02 8.918582761585019210e-04
1.450000000000000000e+02 8.588451832116201449e-04
1.470000000000000000e+02 8.198296300836918193e-04
1.490000000000000000e+02 7.971781596269243665e-04
1.510000000000000000e+02 8.066483581350847179e-04
1.530000000000000000e+02 8.468061789728240519e-04
1.550000000000000000e+02 8.971965594059726689e-04
1.570000000000000000e+02 9.283604849871067172e-04
1.590000000000000000e+02 9.196046879681393522e-04
1.610000000000000000e+02 8.741138102047366727e-04
1.630000000000000000e+02 8.203594083151096936e-04
1.650000000000000000e+02 7.959712272479833699e-04
1.670000000000000000e+02 8.221977438871955375e-04
1.690000000000000000e+02 8.860135163457787989e-04
1.710000000000000000e+02 9.449704945758263114e-04
1.730000000000000000e+02 9.555051528044747420e-04
1.750000000000000000e+02 9.068327463769407151e-04
1.770000000000000000e+02 8.340695867126621775e-04
1.790000000000000000e+02 7.957970080076925967e-04
1.810000000000000000e+02 8.283431090422284197e-04
1.830000000000000000e+02 9.118734757011112083e-04
1.850000000000000000e+02 9.802851100587943369e-04
1.870000000000000000e+02 9.739447728942909107e-04
1.890000000000000000e+02 8.946139848673704317e-04
1.910000000000000000e+02 8.116051772361016284e-04
1.930000000000000000e+02 8.047715379690004254e-04
1.950000000000000000e+02 8.888465666077616798e-04
1.970000000000000000e+02 9.909658328535785390e-04
1.990000000000000000e+02 1.013089652110563902e-03
2.010000000000000000e+02 9.292113287480449450e-04
2.030000000000000000e+02 8.210275843297563459e-04
2.050000000000000000e+02 8.038241787728045776e-04
2.070000000000000000e+02 9.055825340299085554e-04
2.090000000000000000e+02 1.026052335365826426e-03
2.110000000000000000e+02 1.034766423469382288e-03
2.130000000000000000e+02 9.169442229875891630e-04
2.150000000000000000e+02 8.036580750221744085e-04
2.170000000000000000e+02 8.324473297354666266e-04
2.190000000000000000e+02 9.818752546779225231e-04
2.210000000000000000e+02 1.080622647202550283e-03
2.230000000000000000e+02 1.005743367574633406e-03
2.250000000000000000e+02 8.443584999810781547e-04
2.270000000000000000e+02 8.029739149565650594e-04
2.290000000000000000e+02 9.478682480257513438e-04
2.310000000000000000e+02 1.101755488215748697e-03
2.330000000000000000e+02 1.060378547907378163e-03
2.350000000000000000e+02 8.727588163081618621e-04
2.370000000000000000e+02 7.976648223249124944e-04
2.390000000000000000e+02 9.541035834840659504e-04
2.410000000000000000e+02 1.134359042898202283e-03
2.430000000000000000e+02 1.079045144758908900e-03
2.450000000000000000e+02 8.616810734831702786e-04
2.470000000000000000e+02 8.085677880199527295e-04
2.490000000000000000e+02 1.017223885192924211e-03
2.510000000000000000e+02 1.181265492649473652e-03
2.530000000000000000e+02 1.042194519207892802e-03
2.550000000000000000e+02 8.132934378259945151e-04
2.570000000000000000e+02 8.717669861372382215e-04
2.590000000000000000e+02 1.143037570490929630e-03
2.610000000000000000e+02 1.186391781607065710e-03
2.630000000000000000e+02 9.209994874591490369e-04
2.650000000000000000e+02 7.991641517048004087e-04
2.670000000000000000e+02 1.051655825863261106e-03
2.690000000000000000e+02 1.253410260830616378e-03
2.710000000000000000e+02 1.041808351751378429e-03
2.730000000000000000e+02 7.926783465391153312e-04
2.750000000000000000e+02 9.784650498759674825e-04
2.770000000000000000e+02 1.278110165056887048e-03
2.790000000000000000e+02 1.129389568999102133e-03
2.810000000000000000e+02 8.073704895998458711e-04
2.830000000000000000e+02 9.487097425480330980e-04
2.850000000000000000e+02 1.303539972745674201e-03
2.870000000000000000e+02 1.171747843409463256e-03
2.890000000000000000e+02 8.092471715255308926e-04
2.910000000000000000e+02 9.699913780694455591e-04
2.930000000000000000e+02 1.351288585872888583e-03
2.950000000000000000e+02 1.159229363710828067e-03
2.970000000000000000e+02 7.921980045178643069e-04
2.990000000000000000e+02 1.057838485848230968e-03
3.010000000000000000e+02 1.408643362672801517e-03
3.030000000000000000e+02 1.071785819144769388e-03
3.050000000000000000e+02 7.930542165637940923e-04
3.070000000000000000e+02 1.229873104578058703e-03
3.090000000000000000e+02 1.410449655586807315e-03
3.110000000000000000e+02 9.098901725042590370e-04
3.130000000000000000e+02 9.051259492780432212e-04
3.150000000000000000e+02 1.444470154428295020e-03
3.170000000000000000e+02 1.249238944664604091e-03
3.190000000000000000e+02 7.834084931621515015e-04
3.210000000000000000e+02 1.214424539706095976e-03
3.230000000000000000e+02 1.508130584476363245e-03
3.250000000000000000e+02 9.236650729341874984e-04
3.270000000000000000e+02 9.496434017470499218e-04
3.290000000000000000e+02 1.561446096086411151e-03
3.310000000000000000e+02 1.185624143301900434e-03
3.330000000000000000e+02 8.013329304618955519e-04
3.350000000000000000e+02 1.463245078440824753e-03
3.370000000000000000e+02 1.429111647683331716e-03
3.390000000000000000e+02 7.836153391949155205e-04
3.410000000000000000e+02 1.318019462702935563e-03
3.430000000000000000e+02 1.597842844015412607e-03
3.450000000000000000e+02 8.393078850377630939e-04
3.470000000000000000e+02 1.198288263322547405e-03
3.490000000000000000e+02 1.700694571961614780e-03
3.510000000000000000e+02 9.056207893917735119e-04
3.530000000000000000e+02 1.134278059431384359e-03
3.550000000000000000e+02 1.767441111486556986e-03
3.570000000000000000e+02 9.399954365925808830e-04
3.590000000000000000e+02 1.135957894966721331e-03
3.610000000000000000e+02 1.817596647419641434e-03
3.630000000000000000e+02 9.215763848578310564e-04
3.650000000000000000e+02 1.214655296703050615e-03
3.670000000000000000e+02 1.843575072411030155e-03
3.690000000000000000e+02 8.527307917794728267e-04
3.710000000000000000e+02 1.389021928556654359e-03
3.730000000000000000e+02 1.801769557452307345e-03
3.750000000000000000e+02 7.752321126569703888e-04
3.770000000000000000e+02 1.663767129090036210e-03
3.790000000000000000e+02 1.620880215119430623e-03
3.810000000000000000e+02 7.954539990332609592e-04
3.830000000000000000e+02 1.971314865938690597e-03
3.850000000000000000e+02 1.262214591797594003e-03
3.870000000000000000e+02 1.069891698463920496e-03
3.890000000000000000e+02 2.106168677753158559e-03
3.910000000000000000e+02 8.578549483420210313e-04
3.930000000000000000e+02 1.654464730295421597e-03
3.950000000000000000e+02 1.793010937985679192e-03
3.970000000000000000e+02 8.110525675228993751e-04
3.990000000000000000e+02 2.215272776123466611e-03
4.010000000000000000e+02 1.079756875407699964e-03
4.030000000000000000e+02 1.483931412674263216e-03
4.050000000000000000e+02 2.040562364934769141e-03
4.070000000000000000e+02 7.741331472110633089e-04
4.090000000000000000e+02 2.339853253367817857e-03
4.110000000000000000e+02 1.067720533951572060e-03
4.130000000000000000e+02 1.678354753217171100e-03
4.150000000000000000e+02 1.976317106194090852e-03
4.170000000000000000e+02 9.003903070839176922e-04
4.190000000000000000e+02 2.533262279479670843e-03
4.210000000000000000e+02 7.947554974048422118e-04
4.230000000000000000e+02 2.310392932555378059e-03
4.250000000000000000e+02 1.388129236976089458e-03
4.270000000000000000e+02 1.609572345711032153e-03
4.290000000000000000e+02 2.186623833432827478e-03
4.310000000000000000e+02 9.711531605625818835e-04
4.330000000000000000e+02 2.721189385179825695e-03
4.350000000000000000e+02 7.232108736347395931e-04
4.370000000000000000e+02 2.827364495111526609e-03
4.390000000000000000e+02 8.822452225797736570e-04
4.410000000000000000e+02 2.600017339703624645e-03
4.430000000000000000e+02 1.287153989052337941e-03
4.450000000000000000e+02 2.225896169233989880e-03
4.470000000000000000e+02 1.757831196234893416e-03
4.490000000000000000e+02 1.859061663629631893e-03
4.510000000000000000e+02 2.176281291196148753e-03
4.530000000000000000e+02 1.581276195366132509e-03
4.550000000000000000e+02 2.493109754589464995e-03
4.570000000000000000e+02 1.418069145156599297e-03
4.590000000000000000e+02 2.698860668801627335e-03
4.610000000000000000e+02 1.372153675542451276e-03
4.630000000000000000e+02 2.791269273048731497e-03
4.650000000000000000e+02 1.452220909066169073e-03
4.670000000000000000e+02 2.752357778346156605e-03
4.690000000000000000e+02 1.688605316737724947e-03
4.710000000000000000e+02 2.541656378627588694e-03
4.730000000000000000e+02 2.128707129425861603e-03
4.750000000000000000e+02 2.115847765647507761e-03
4.770000000000000000e+02 2.797682168872478621e-03
4.790000000000000000e+02 1.492284780618546337e-03
4.810000000000000000e+02 3.608717738142090854e-03
4.830000000000000000e+02 8.606441461080946258e-04
4.850000000000000000e+02 4.245601105005944800e-03
4.870000000000000000e+02 6.724438661349767818e-04
4.890000000000000000e+02 4.156260212202595936e-03
4.910000000000000000e+02 1.491608421431951572e-03
4.930000000000000000e+02 2.931434793630580647e-03
4.950000000000000000e+02 3.351043734893966158e-03
4.970000000000000000e+02 1.152149337994996022e-03
4.990000000000000000e+02 4.923296612150455942e-03
5.010000000000000000e+02 7.865717749086557041e-04
5.030000000000000000e+02 4.096194357358360835e-03
5.050000000000000000e+02 3.209195055088288721e-03
5.070000000000000000e+02 1.279846291574782179e-03
5.090000000000000000e+02 5.594884458650546850e-03
5.110000000000000000e+02 1.226832244459487341e-03
5.130000000000000000e+02 3.332548539399910435e-03
5.150000000000000000e+02 5.313383035132904914e-03
5.170000000000000000e+02 5.777165074318788875e-04
5.190000000000000000e+02 4.911754570445066997e-03
5.210000000000000000e+02 4.967589966901493452e-03
5.230000000000000000e+02 5.367949932810997830e-04
5.250000000000000000e+02 5.587110994130431788e-03
5.270000000000000000e+02 5.650700120548315941e-03
5.290000000000000000e+02 5.285725058603728439e-04
5.310000000000000000e+02 4.997020886859011163e-03
5.330000000000000000e+02 7.652755072172718123e-03
5.350000000000000000e+02 1.670780026792477273e-03
5.370000000000000000e+02 2.280537773121403718e-03
5.390000000000000000e+02 8.828575327000272310e-03
5.410000000000000000e+02 6.897565272342393028e-03
5.430000000000000000e+02 7.736176678409662204e-04
5.450000000000000000e+02 3.388397672264068655e-03
5.470000000000000000e+02 1.068060144818214208e-02
5.490000000000000000e+02 1.055270338705601753e-02
5.510000000000000000e+02 3.612167075172255035e-03
5.530000000000000000e+02 4.010875906173175893e-04
5.550000000000000000e+02 5.801973758460622632e-03
5.570000000000000000e+02 1.478644423638139117e-02
5.590000000000000000e+02 2.019236621695551584e-02
5.610000000000000000e+02 1.950293358554518880e-02
5.630000000000000000e+02 1.479001485768006822e-02
5.650000000000000000e+02 9.282751565936482249e-03
5.670000000000000000e+02 4.975379834816684790e-03
5.690000000000000000e+02 2.324823976385993491e-03
5.710000000000000000e+02 9.610047161007712405e-04
5.730000000000000000e+02 3.552833376936611405e-04
5.750000000000000000e+02 1.184717821551237204e-04
5.770000000000000000e+02 3.587426063913225465e-05
5.790000000000000000e+02 9.919306116786815469e-06
5.810000000000000000e+02 2.516010996696431550e-06
5.830000000000000000e+02 5.877224499801636709e-07
5.850000000000000000e+02 1.268571177590138989e-07
5.870000000000000000e+02 2.537471363217849904e-08
5.890000000000000000e+02 4.715573647890892518e-09
5.910000000000000000e+02 8.159958302155112681e-10
5.930000000000000000e+02 1.317422528860296372e-10
5.950000000000000000e+02 1.988003275047462520e-11
5.970000000000000000e+02 2.808379561481522506e-12
5.990000000000000000e+02 3.719328306104293223e-13
6.010000000000000000e+02 4.623882642528323524e-14
6.030000000000000000e+02 5.402487527501883804e-15
6.050000000000000000e+02 5.938682701244457070e-16
6.070000000000000000e+02 6.147792808009298946e-17
6.090000000000000000e+02 5.998842062201193491e-18
6.110000000000000000e+02 5.521889829007402981e-19
6.130000000000000000e+02 4.798471694319405454e-20
6.150000000000000000e+02 3.939202488550840701e-21
6.170000000000000000e+02 3.056848773277956542e-22
6.190000000000000000e+02 2.243607395499581523e-23
6.210000000000000000e+02 1.558305690307864908e-24
6.230000000000000000e+02 1.024700996570826224e-25
6.250000000000000000e+02 6.382161012117920064e-27
6.270000000000000000e+02 3.766470789246835349e-28
6.290000000000000000e+02 2.106937620998723862e-29
6.310000000000000000e+02 1.117526211659434464e-30
6.330000000000000000e+02 5.621821501065946503e-32
6.350000000000000000e+02 2.682997859968669456e-33
6.370000000000000000e+02 1.215024832474827173e-34
6.390000000000000000e+02 5.222238315088436595e-36
6.410000000000000000e+02 2.130630390067963633e-37
6.430000000000000000e+02 8.252796232367201338e-39
6.450000000000000000e+02 3.035192567668437928e-40
6.470000000000000000e+02 1.059993636807682049e-41
6.490000000000000000e+02 3.515453871677429347e-43
6.510000000000000000e+02 1.107234711368140076e-44
6.530000000000000000e+02 3.311975285965260421e-46
6.550000000000000000e+02 9.408549678835544541e-48
6.570000000000000000e+02 2.538258435274416368e-49
6.590000000000000000e+02 6.502888200814447044e-51
6.610000000000000000e+02 1.581991730801463944e-52
6.630000000000000000e+02 3.654182800718579669e-54
6.650000000000000000e+02 8.013378125105819368e-56
6.670000000000000000e+02 1.668099548796149767e-57
6.690000000000000000e+02 3.295652048989058856e-59
6.710000000000000000e+02 6.178688062792401441e-61
6.730000000000000000e+02 1.099004461949660415e-62
6.750000000000000000e+02 1.854188116187466003e-64
6.770000000000000000e+02 2.966553269830688590e-66
6.790000000000000000e+02 4.499634068488035985e-68
6.810000000000000000e+02 6.468464149926209915e-70
6.830000000000000000e+02 8.810197958003479576e-72
6.850000000000000000e+02 1.136531026367959456e-73
6.870000000000000000e+02 1.388121304968760276e-75
6.890000000000000000e+02 1.604544514042683665e-77
6.910000000000000000e+02 1.754567418603651840e-79
6.930000000000000000e+02 1.814201624271577066e-81
6.950000000000000000e+02 1.772917671599172881e-83
6.970000000000000000e+02 1.636650607151796654e-85
6.990000000000000000e+02 1.426430420208201192e-87
7.010000000000000000e+02 1.173060890150057767e-89
7.030000000000000000e+02 9.097009012695636852e-92
7.050000000000000000e+02 6.648159220292190764e-94
7.070000000000000000e+02 4.575394465692237106e-96
7.090000000000000000e+02 2.963205251492366999e-98
7.110000000000000000e+02 1.804528679610098779e-100
7.130000000000000000e+02 1.032470085788440058e-102
7.150000000000000000e+02 5.545290811111647421e-105
7.170000000000000000e+02 2.793207976420724047e-107
7.190000000000000000e+02 1.318223920166714169e-109
7.210000000000000000e+02 5.822791527909546639e-112
7.230000000000000000e+02 2.404645737497191421e-114
7.250000000000000000e+02 9.273441645521806004e-117
7.270000000000000000e+02 3.335502073028243613e-119
7.290000000000000000e+02 1.117475957019692997e-121
7.310000000000000000e+02 3.482260040288698604e-124
7.330000000000000000e+02 1.007812121348137664e-126
7.350000000000000000e+02 2.704576027803813022e-129
7.370000000000000000e+02 6.718596918148452844e-132
7.390000000000000000e+02 1.542142757743871935e-134
7.410000000000000000e+02 3.264279428843090946e-137
7.430000000000000000e+02 6.358500212890854251e-140
7.450000000000000000e+02 1.137223402202928706e-142
7.470000000000000000e+02 1.862960483222552409e-145
7.490000000000000000e+02 2.787960924819529274e-148
7.510000000000000000e+02 3.800659096106324165e-151
7.530000000000000000e+02 4.705204452778179667e-154
7.550000000000000000e+02 5.272108472938153597e-157
7.570000000000000000e+02 5.326970776191416332e-160
7.590000000000000000e+02 4.834110467156520474e-163
7.610000000000000000e+02 3.922537656981702748e-166
7.630000000000000000e+02 2.832062784251808749e-169
7.650000000000000000e+02 1.809500943355641389e-172
7.670000000000000000e+02 1.016936024351128344e-175
7.690000000000000000e+02 4.992747610857876577e-179
7.710000000000000000e+02 2.124904943379922022e-182
7.730000000000000000e+02 7.770804546397249948e-186
7.750000000000000000e+02 2.417225475013644383e-189
7.770000000000000000e+02 6.320895426904589933e-193
7.790000000000000000e+02 1.370368011373530478e-196
7.810000000000000000e+02 2.422835626128165422e-200
7.830000000000000000e+02 3.424111117703411364e-204
7.850000000000000000e+02 3.773609180383279771e-208
7.870000000000000000e+02 3.142750009292570220e-212
7.890000000000000000e+02 1.898164733620583086e-216
7.910000000000000000e+02 7.859531502814599635e-221
7.930000000000000000e+02 2.056252886231813289e-225
7.950000000000000000e+02 2.987799803065670355e-230
7.970000000000000000e+02 1.905247825702664212e-235
7.990000000000000000e+02 2.999393627790884621e-241
