-3.990000000000000000e+02 7.745183829698148989e-121
-3.970000000000000000e+02 1.220726168582562152e-115
-3.950000000000000000e+02 4.689964901062017582e-111
-3.930000000000000000e+02 7.805902254460535904e-107
-3.910000000000000000e+02 7.120979950522114388e-103
-3.890000000000000000e+02 4.049755063984272457e-99
-3.870000000000000000e+02 1.557381545554507605e-95
-3.850000000000000000e+02 4.283022066403096969e-92
-3.830000000000000000e+02 8.774903609893138357e-89
-3.810000000000000000e+02 1.381602231468028184e-85
-3.790000000000000000e+02 1.713129275678037462e-82
-3.770000000000000000e+02 1.706143256821675433e-79
-3.750000000000000000e+02 1.387023118192638975e-76
-3.730000000000000000e+02 9.329489067329079177e-74
-3.710000000000000000e+02 5.251659057459064449e-71
-3.690000000000000000e+02 2.498270468948054030e-68
-3.670000000000000000e+02 1.012850264160584691e-65
-3.650000000000000000e+02 3.525294353744152860e-63
-3.630000000000000000e+02 1.060167207351648763e-60
-3.610000000000000000e+02 2.770335166662713001e-58
-3.590000000000000000e+02 6.321710549610896018e-56
-3.570000000000000000e+02 1.265323701974016201e-53
-3.550000000000000000e+02 2.230185819247316290e-51
-3.530000000000000000e+02 3.473553373100090369e-49
-3.510000000000000000e+02 4.795752092206674728e-47
-3.490000000000000000e+02 5.885707085238188001e-45
-3.470000000000000000e+02 6.436903495297974207e-43
-3.450000000000000000e+02 6.287085158193825117e-41
-3.430000000000000000e+02 5.494951361230652481e-39
-3.410000000000000000e+02 4.304947906031254807e-37
-3.390000000000000000e+02 3.027716187941650209e-35
-3.370000000000000000e+02 1.914130041661505702e-33
-3.350000000000000000e+02 1.088978590082086461e-31
-3.330000000000000000e+02 5.580356721715091786e-30
-3.310000000000000000e+02 2.577659872857675795e-28
-3.290000000000000000e+02 1.073894619354705219e-26
-3.270000000000000000e+02 4.036896099409196472e-25
-3.250000000000000000e+02 1.369578650307969653e-23
-3.230000000000000000e+02 4.193812443306861492e-22
-3.210000000000000000e+02 1.158954997761315602e-20
-3.190000000000000000e+02 2.889573288693658773e-19
-3.170000000000000000e+02 6.496833369387729644e-18
-3.150000000000000000e+02 1.316357998410956775e-16
-3.130000000000000000e+02 2.401371447211775021e-15
-3.110000000000000000e+02 3.939700296526923554e-14
-3.090000000000000000e+02 5.804659373776938208e-13
-3.070000000000000000e+02 7.667661691051285723e-12
-3.050000000000000000e+02 9.062304912115573744e-11
-3.030000000000000000e+02 9.559868280251419255e-10
-3.010000000000000000e+02 8.975366308382383893e-09
-2.990000000000000000e+02 7.473976746599902207e-08
-2.970000000000000000e+02 5.497607858967462204e-07
-2.950000000000000000e+02 3.554526494904365842e-06
-2.930000000000000000e+02 2.008080367808947895e-05
-2.910000000000000000e+02 9.839595200618447878e-05
-2.890000000000000000e+02 4.143471702536139639e-04
-2.870000000000000000e+02 1.481821061124879817e-03
-2.850000000000000000e+02 4.430369937718106263e-03
-2.830000000000000000e+02 1.083473218153346157e-02
-2.810000000000000000e+02 2.098604057828134042e-02
-2.790000000000000000e+02 3.055669031609620917e-02
-2.770000000000000000e+02 3.033073599274234769e-02
-2.750000000000000000e+02 1.619474888001123936e-02
-2.730000000000000000e+02 1.822742561119345024e-03
-2.710000000000000000e+02 5.791842662685984383e-03
-2.690000000000000000e+02 1.754221642727163410e-02
-2.670000000000000000e+02 1.110334399454676081e-02
-2.650000000000000000e+02 9.822298424086253234e-04
-2.630000000000000000e+02 1.043416936512821594e-02
-2.610000000000000000e+02 1.127842531787321204e-02
-2.590000000000000000e+02 1.122647869224842549e-03
-2.570000000000000000e+02 9.560063686401280153e-03
-2.550000000000000000e+02 7.577367612505478411e-03
-2.530000000000000000e+02 1.970519076427328445e-03
-2.510000000000000000e+02 1.033772694245247911e-02
-2.490000000000000000e+02 2.192289649380231922e-03
-2.470000000000000000e+02 6.823783856125544521e-03
-2.450000000000000000e+02 5.510947033593680336e-03
-2.430000000000000000e+02 3.279100157494252085e-03
-2.410000000000000000e+02 7.382331182400940495e-03
-2.390000000000000000e+02 1.722780550298318343e-03
-2.370000000000000000e+02 7.621457863952579501e-03
-2.350000000000000000e+02 1.378426809983116039e-03
-2.330000000000000000e+02 7.219743403392353195e-03
-2.310000000000000000e+02 1.378094485641534646e-03
-2.290000000000000000e+02 6.756378263730655753e-03
-2.270000000000000000e+02 1.405971831416207799e-03
-2.250000000000000000e+02 6.306755916647028073e-03
-2.230000000000000000e+02 1.550752878818651608e-03
-2.210000000000000000e+02 5.652155293121215521e-03
-2.190000000000000000e+02 2.089844714385434912e-03
-2.170000000000000000e+02 4.512268637372552141e-03
-2.150000000000000000e+02 3.199271231588923445e-03
-2.130000000000000000e+02 2.920401800633523441e-03
-2.110000000000000000e+02 4.511713141781164595e-03
-2.090000000000000000e+02 1.631559125027443134e-03
-2.070000000000000000e+02 4.934575306784501521e-03
-2.050000000000000000e+02 1.827535839643171971e-03
-2.030000000000000000e+02 3.618920815636901198e-03
-2.010000000000000000e+02 3.507576633008285209e-03
-1.990000000000000000e+02 1.764297599089636581e-03
-1.970000000000000000e+02 4.375659238852676845e-03
-1.950000000000000000e+02 1.990797630507627324e-03
-1.930000000000000000e+02 2.768704412826257857e-03
-1.910000000000000000e+02 3.807481278567094451e-03
-1.890000000000000000e+02 1.543971727599009573e-03
-1.870000000000000000e+02 3.326217843982915909e-03
-1.850000000000000000e+02 3.144903129442712299e-03
-1.830000000000000000e+02 1.563187463186143256e-03
-1.810000000000000000e+02 3.388620671233548952e-03
-1.790000000000000000e+02 2.817788755257642774e-03
-1.770000000000000000e+02 1.588889055994288646e-03
-1.750000000000000000e+02 3.196542225496703908e-03
-1.730000000000000000e+02 2.802032936178102795e-03
-1.710000000000000000e+02 1.557399140799000823e-03
-1.690000000000000000e+02 2.822354688715522988e-03
-1.670000000000000000e+02 2.967677147479511404e-03
-1.650000000000000000e+02 1.628751359118372089e-03
-1.630000000000000000e+02 2.259966136244019076e-03
-1.610000000000000000e+02 3.066922006660531205e-03
-1.590000000000000000e+02 2.010752563241603730e-03
-1.570000000000000000e+02 1.697383494021964621e-03
-1.550000000000000000e+02 2.735461789661574206e-03
-1.530000000000000000e+02 2.604468322099078286e-03
-1.510000000000000000e+02 1.646615058456062618e-03
-1.490000000000000000e+02 1.953555459880943704e-03
-1.470000000000000000e+02 2.721375601471521296e-03
-1.450000000000000000e+02 2.293041209301536609e-03
-1.430000000000000000e+02 1.594965145792149458e-03
-1.410000000000000000e+02 1.971224479588299782e-03
-1.390000000000000000e+02 2.571950152473836439e-03
-1.370000000000000000e+02 2.237246203564723698e-03
-1.350000000000000000e+02 1.626521790830758648e-03
-1.330000000000000000e+02 1.798724592250176661e-03
-1.310000000000000000e+02 2.355427046712207234e-03
-1.290000000000000000e+02 2.318537215200330501e-03
-1.270000000000000000e+02 1.784137101645487476e-03
-1.250000000000000000e+02 1.605447532546754605e-03
-1.230000000000000000e+02 1.988808972645222939e-03
-1.210000000000000000e+02 2.296962035938689140e-03
-1.190000000000000000e+02 2.087094576273317969e-03
-1.170000000000000000e+02 1.684034966467124047e-03
-1.150000000000000000e+02 1.621076314485353498e-03
-1.130000000000000000e+02 1.922018034092999855e-03
-1.110000000000000000e+02 2.160315837598856051e-03
-1.090000000000000000e+02 2.047972831303997761e-03
-1.070000000000000000e+02 1.742645369814924041e-03
-1.050000000000000000e+02 1.591076512073062851e-03
-1.030000000000000000e+02 1.722331456279526003e-03
-1.010000000000000000e+02 1.955467773672452288e-03
-9.900000000000000000e+01 2.038810741247866314e-03
-9.700000000000000000e+01 1.904534308607652065e-03
-9.500000000000000000e+01 1.694672372913311274e-03
-9.300000000000000000e+01 1.593296449543472881e-03
-9.100000000000000000e+01 1.661644163850327718e-03
-8.900000000000000000e+01 1.813834149228242022e-03
-8.700000000000000000e+01 1.915139967586655060e-03
-8.500000000000000000e+01 1.893347579772652282e-03
-8.300000000000000000e+01 1.776743014642591292e-03
-8.100000000000000000e+01 1.652214858180992788e-03
-7.900000000000000000e+01 1.594944744901147758e-03
-7.700000000000000000e+01 1.624059639368508621e-03
-7.500000000000000000e+01 1.704475741469689033e-03
-7.300000000000000000e+01 1.779986715133170241e-03
-7.100000000000000000e+01 1.809009079970418619e-03
-6.900000000000000000e+01 1.782441420081710796e-03
-6.700000000000000000e+01 1.719835220620482023e-03
-6.500000000000000000e+01 1.652741726659140084e-03
-6.300000000000000000e+01 1.607439728151214674e-03
-6.100000000000000000e+01 1.595222561223446928e-03
-5.900000000000000000e+01 1.611998502153955039e-03
-5.700000000000000000e+01 1.644203851099222246e-03
-5.500000000000000000e+01 1.676462130654962635e-03
-5.300000000000000000e+01 1.697422642934684305e-03
-5.100000000000000000e+01 1.702272557135523813e-03
-4.900000000000000000e+01 1.692236781258356360e-03
-4.700000000000000000e+01 1.672336609581747020e-03
-4.500000000000000000e+01 1.648776754283538207e-03
-4.300000000000000000e+01 1.626908211722210553e-03
-4.100000000000000000e+01 1.610151042780868461e-03
-3.900000000000000000e+01 1.599813050255936842e-03
-3.700000000000000000e+01 1.595504752420447321e-03
-3.500000000000000000e+01 1.595807711115262680e-03
-3.300000000000000000e+01 1.598928308894872682e-03
-3.100000000000000000e+01 1.603185943219314312e-03
-2.900000000000000000e+01 1.607290329855443241e-03
-2.700000000000000000e+01 1.610432864331137444e-03
-2.500000000000000000e+01 1.612249372509077247e-03
-2.300000000000000000e+01 1.612715405146526813e-03
-2.100000000000000000e+01 1.612022996310670964e-03
-1.900000000000000000e+01 1.610470108502686567e-03
-1.700000000000000000e+01 1.608377611517534337e-03
-1.500000000000000000e+01 1.606036703287223952e-03
-1.300000000000000000e+01 1.603682694290850010e-03
-1.100000000000000000e+01 1.601488153687160524e-03
-9.000000000000000000e+00 1.599568193229328802e-03
-7.000000000000000000e+00 1.597991869799187097e-03
-5.000000000000000000e+00 1.596795376457715940e-03
-3.000000000000000000e+00 1.595994291948176456e-03
-1.000000000000000000e+00 1.595593399156752974e-03
1.000000000000000000e+00 1.595593399156752974e-03
3.000000000000000000e+00 1.595994291948176456e-03
5.000000000000000000e+00 1.596795376457715940e-03
7.000000000000000000e+00 1.597991869799187097e-03
9.000000000000000000e+00 1.599568193229328802e-03
1.100000000000000000e+01 1.601488153687160524e-03
1.300000000000000000e+01 1.603682694290850010e-03
1.500000000000000000e+01 1.606036703287223952e-03
1.700000000000000000e+01 1.608377611517534337e-03
1.900000000000000000e+01 1.610470108502686567e-03
2.100000000000000000e+01 1.612022996310670964e-03
2.300000000000000000e+01 1.612715405146526813e-03
2.500000000000000000e+01 1.612249372509077247e-03
2.700000000000000000e+01 1.610432864331137444e-03
2.900000000000000000e+01 1.607290329855443241e-03
3.100000000000000000e+01 1.603185943219314312e-03
3.300000000000000000e+01 1.598928308894872682e-03
3.500000000000000000e+01 1.595807711115262680e-03
3.700000000000000000e+01 1.595504752420447321e-03
3.900000000000000000e+01 1.599813050255936842e-03
4.100000000000000000e+01 1.610151042780868461e-03
4.300000000000000000e+01 1.626908211722210553e-03
4.500000000000000000e+01 1.648776754283538207e-03
4.700000000000000000e+01 1.672336609581747020e-03
4.900000000000000000e+01 1.692236781258356360e-03
5.100000000000000000e+01 1.702272557135523813e-03
5.300000000000000000e+01 1.697422642934684305e-03
5.500000000000000000e+01 1.676462130654962635e-03
5.700000000000000000e+01 1.644203851099222246e-03
5.900000000000000000e+01 1.611998502153955039e-03
6.100000000000000000e+01 1.595222561223446928e-03
6.300000000000000000e+01 1.607439728151214674e-03
6.500000000000000000e+01 1.652741726659140084e-03
6.700000000000000000e+01 1.719835220620482023e-03
6.900000000000000000e+01 1.782441420081710796e-03
7.100000000000000000e+01 1.809009079970418619e-03
7.300000000000000000e+01 1.779986715133170241e-03
7.500000000000000000e+01 1.704475741469689033e-03
7.700000000000000000e+01 1.624059639368508621e-03
7.900000000000000000e+01 1.594944744901147758e-03
8.100000000000000000e+01 1.652214858180992788e-03
8.300000000000000000e+01 1.776743014642591292e-03
8.500000000000000000e+01 1.893347579772652282e-03
8.700000000000000000e+01 1.915139967586655060e-03
8.900000000000000000e+01 1.813834149228242022e-03
9.100000000000000000e+01 1.661644163850327718e-03
9.300000000000000000e+01 1.593296449543472881e-03
9.500000000000000000e+01 1.694672372913311274e-03
9.700000000000000000e+01 1.904534308607652065e-03
9.900000000000000000e+01 2.038810741247866314e-03
1.010000000000000000e+02 1.955467773672452288e-03
1.030000000000000000e+02 1.722331456279526003e-03
1.050000000000000000e+02 1.591076512073062851e-03
1.070000000000000000e+02 1.742645369814924041e-03
1.090000000000000000e+02 2.047972831303997761e-03
1.110000000000000000e+02 2.160315837598856051e-03
1.130000000000000000e+02 1.922018034092999855e-03
1.150000000000000000e+02 1.621076314485353498e-03
1.170000000000000000e+02 1.684034966467124047e-03
1.190000000000000000e+02 2.087094576273317969e-03
1.210000000000000000e+02 2.296962035938689140e-03
1.230000000000000000e+02 1.988808972645222939e-03
1.250000000000000000e+02 1.605447532546754605e-03
1.270000000000000000e+02 1.784137101645487476e-03
1.290000000000000000e+02 2.318537215200330501e-03
1.310000000000000000e+02 2.355427046712207234e-03
1.330000000000000000e+02 1.798724592250176661e-03
1.350000000000000000e+02 1.626521790830758648e-03
1.370000000000000000e+02 2.237246203564723698e-03
1.390000000000000000e+02 2.571950152473836439e-03
1.410000000000000000e+02 1.971224479588299782e-03
1.430000000000000000e+02 1.594965145792149458e-03
1.450000000000000000e+02 2.293041209301536609e-03
1.470000000000000000e+02 2.721375601471521296e-03
1.490000000000000000e+02 1.953555459880943704e-03
1.510000000000000000e+02 1.646615058456062618e-03
1.530000000000000000e+02 2.604468322099078286e-03
1.550000000000000000e+02 2.735461789661574206e-03
1.570000000000000000e+02 1.697383494021964621e-03
1.590000000000000000e+02 2.010752563241603730e-03
1.610000000000000000e+02 3.066922006660531205e-03
1.630000000000000000e+02 2.259966136244019076e-03
1.650000000000000000e+02 1.628751359118372089e-03
1.670000000000000000e+02 2.967677147479511404e-03
1.690000000000000000e+02 2.822354688715522988e-03
1.710000000000000000e+02 1.557399140799000823e-03
1.730000000000000000e+02 2.802032936178102795e-03
1.750000000000000000e+02 3.196542225496703908e-03
1.770000000000000000e+02 1.588889055994288646e-03
1.790000000000000000e+02 2.817788755257642774e-03
1.810000000000000000e+02 3.388620671233548952e-03
1.830000000000000000e+02 1.563187463186143256e-03
1.850000000000000000e+02 3.144903129442712299e-03
1.870000000000000000e+02 3.326217843982915909e-03
1.890000000000000000e+02 1.543971727599009573e-03
1.910000000000000000e+02 3.807481278567094451e-03
1.930000000000000000e+02 2.768704412826257857e-03
1.950000000000000000e+02 1.990797630507627324e-03
1.970000000000000000e+02 4.375659238852676845e-03
1.990000000000000000e+02 1.764297599089636581e-03
2.010000000000000000e+02 3.507576633008285209e-03
2.030000000000000000e+02 3.618920815636901198e-03
2.050000000000000000e+02 1.827535839643171971e-03
2.070000000000000000e+02 4.934575306784501521e-03
2.090000000000000000e+02 1.631559125027443134e-03
2.110000000000000000e+02 4.511713141781164595e-03
2.130000000000000000e+02 2.920401800633523441e-03
2.150000000000000000e+02 3.199271231588923445e-03
2.170000000000000000e+02 4.512268637372552141e-03
2.190000000000000000e+02 2.089844714385434912e-03
2.210000000000000000e+02 5.652155293121215521e-03
2.230000000000000000e+02 1.550752878818651608e-03
2.250000000000000000e+02 6.306755916647028073e-03
2.270000000000000000e+02 1.405971831416207799e-03
2.290000000000000000e+02 6.756378263730655753e-03
2.310000000000000000e+02 1.378094485641534646e-03
2.330000000000000000e+02 7.219743403392353195e-03
2.350000000000000000e+02 1.378426809983116039e-03
2.370000000000000000e+02 7.621457863952579501e-03
2.390000000000000000e+02 1.722780550298318343e-03
2.410000000000000000e+02 7.382331182400940495e-03
2.430000000000000000e+02 3.279100157494252085e-03
2.450000000000000000e+02 5.510947033593680336e-03
2.470000000000000000e+02 6.823783856125544521e-03
2.490000000000000000e+02 2.192289649380231922e-03
2.510000000000000000e+02 1.033772694245247911e-02
2.530000000000000000e+02 1.970519076427328445e-03
2.550000000000000000e+02 7.577367612505478411e-03
2.570000000000000000e+02 9.560063686401280153e-03
2.590000000000000000e+02 1.122647869224842549e-03
2.610000000000000000e+02 1.127842531787321204e-02
2.630000000000000000e+02 1.043416936512821594e-02
2.650000000000000000e+02 9.822298424086253234e-04
2.670000000000000000e+02 1.110334399454676081e-02
2.690000000000000000e+02 1.754221642727163410e-02
2.710000000000000000e+02 5.791842662685984383e-03
2.730000000000000000e+02 1.822742561119345024e-03
2.750000000000000000e+02 1.619474888001123936e-02
2.770000000000000000e+02 3.033073599274234769e-02
2.790000000000000000e+02 3.055669031609620917e-02
2.810000000000000000e+02 2.098604057828134042e-02
2.830000000000000000e+02 1.083473218153346157e-02
2.850000000000000000e+02 4.430369937718106263e-03
2.870000000000000000e+02 1.481821061124879817e-03
2.890000000000000000e+02 4.143471702536139639e-04
2.910000000000000000e+02 9.839595200618447878e-05
2.930000000000000000e+02 2.008080367808947895e-05
2.950000000000000000e+02 3.554526494904365842e-06
2.970000000000000000e+02 5.497607858967462204e-07
2.990000000000000000e+02 7.473976746599902207e-08
3.010000000000000000e+02 8.975366308382383893e-09
3.030000000000000000e+02 9.559868280251419255e-10
3.050000000000000000e+02 9.062304912115573744e-11
3.070000000000000000e+02 7.667661691051285723e-12
3.090000000000000000e+02 5.804659373776938208e-13
3.110000000000000000e+02 3.939700296526923554e-14
3.130000000000000000e+02 2.401371447211775021e-15
3.150000000000000000e+02 1.316357998410956775e-16
3.170000000000000000e+02 6.496833369387729644e-18
3.190000000000000000e+02 2.889573288693658773e-19
3.210000000000000000e+02 1.158954997761315602e-20
3.230000000000000000e+02 4.193812443306861492e-22
3.250000000000000000e+02 1.369578650307969653e-23
3.270000000000000000e+02 4.036896099409196472e-25
3.290000000000000000e+02 1.073894619354705219e-26
3.310000000000000000e+02 2.577659872857675795e-28
3.330000000000000000e+02 5.580356721715091786e-30
3.350000000000000000e+02 1.088978590082086461e-31
3.370000000000000000e+02 1.914130041661505702e-33
3.390000000000000000e+02 3.027716187941650209e-35
3.410000000000000000e+02 4.304947906031254807e-37
3.430000000000000000e+02 5.494951361230652481e-39
3.450000000000000000e+02 6.287085158193825117e-41
3.470000000000000000e+02 6.436903495297974207e-43
3.490000000000000000e+02 5.885707085238188001e-45
3.510000000000000000e+02 4.795752092206674728e-47
3.530000000000000000e+02 3.473553373100090369e-49
3.550000000000000000e+02 2.230185819247316290e-51
3.570000000000000000e+02 1.265323701974016201e-53
3.590000000000000000e+02 6.321710549610896018e-56
3.610000000000000000e+02 2.770335166662713001e-58
3.630000000000000000e+02 1.060167207351648763e-60
3.650000000000000000e+02 3.525294353744152860e-63
3.670000000000000000e+02 1.012850264160584691e-65
3.690000000000000000e+02 2.498270468948054030e-68
3.710000000000000000e+02 5.251659057459064449e-71
3.730000000000000000e+02 9.329489067329079177e-74
3.750000000000000000e+02 1.387023118192638975e-76
3.770000000000000000e+02 1.706143256821675433e-79
3.790000000000000000e+02 1.713129275678037462e-82
3.810000000000000000e+02 1.381602231468028184e-85
3.830000000000000000e+02 8.774903609893138357e-89
3.850000000000000000e+02 4.283022066403096969e-92
3.870000000000000000e+02 1.557381545554507605e-95
3.890000000000000000e+02 4.049755063984272457e-99
3.910000000000000000e+02 7.120979950522114388e-103
3.930000000000000000e+02 7.805902254460535904e-107
3.950000000000000000e+02 4.689964901062017582e-111
3.970000000000000000e+02 1.220726168582562152e-115
3.990000000000000000e+02 7.745183829698148989e-121
