-9.900000000000000000e+01 1.577721810441998563e-30
-9.700000000000000000e+01 1.484793995806967757e-26
-9.500000000000000000e+01 3.146820897873392586e-23
-9.300000000000000000e+01 2.654919801713513344e-20
-9.100000000000000000e+01 1.121297264658939738e-17
-8.900000000000000000e+01 2.677721770630040457e-15
-8.700000000000000000e+01 3.890416785911447354e-13
-8.500000000000000000e+01 3.602765371408098893e-11
-8.300000000000000000e+01 2.190668762904514959e-09
-8.100000000000000000e+01 8.901365658063711659e-08
-7.900000000000000000e+01 2.435714349401719448e-06
-7.700000000000000000e+01 4.481077565301151217e-05
-7.500000000000000000e+01 5.476535581733803964e-04
-7.300000000000000000e+01 4.333095709689952120e-03
-7.100000000000000000e+01 2.116374724493904139e-02
-6.900000000000000000e+01 5.833114537394908788e-02
-6.700000000000000000e+01 7.452130787117017263e-02
-6.500000000000000000e+01 2.366601336689101026e-02
-6.300000000000000000e+01 1.292117052325773147e-02
-6.100000000000000000e+01 3.602410868805171196e-02
-5.900000000000000000e+01 5.388580044959264195e-03
-5.700000000000000000e+01 2.752277338161245035e-02
-5.500000000000000000e+01 5.784368521992790807e-03
-5.300000000000000000e+01 2.112267329146005554e-02
-5.100000000000000000e+01 8.383837405210498722e-03
-4.900000000000000000e+01 1.230015801832580816e-02
-4.700000000000000000e+01 1.455544386422554133e-02
-4.500000000000000000e+01 6.223937242914772197e-03
-4.300000000000000000e+01 1.159598593211585288e-02
-4.100000000000000000e+01 1.185878011897729609e-02
-3.900000000000000000e+01 6.675764885507522173e-03
-3.700000000000000000e+01 7.942134997469239149e-03
-3.500000000000000000e+01 1.050160833132050137e-02
-3.300000000000000000e+01 8.896869042070100833e-03
-3.100000000000000000e+01 6.628905114814339500e-03
-2.900000000000000000e+01 6.748476272486161887e-03
-2.700000000000000000e+01 7.943598374099676215e-03
-2.500000000000000000e+01 8.292348066865328979e-03
-2.300000000000000000e+01 7.655492153060669026e-03
-2.100000000000000000e+01 6.862997336784746813e-03
-1.900000000000000000e+01 6.462322382750292776e-03
-1.700000000000000000e+01 6.449516124369610720e-03
-1.500000000000000000e+01 6.588209780116482082e-03
-1.300000000000000000e+01 6.694968558095167228e-03
-1.100000000000000000e+01 6.712230885198037719e-03
-9.000000000000000000e+00 6.661494137210918418e-03
-7.000000000000000000e+00 6.584351691358779693e-03
-5.000000000000000000e+00 6.512118944125359389e-03
-3.000000000000000000e+00 6.460363000356384409e-03
-1.000000000000000000e+00 6.434112033268390290e-03
1.000000000000000000e+00 6.434112033268390290e-03
3.000000000000000000e+00 6.460363000356384409e-03
5.000000000000000000e+00 6.512118944125359389e-03
7.000000000000000000e+00 6.584351691358779693e-03
9.000000000000000000e+00 6.661494137210918418e-03
1.100000000000000000e+01 6.712230885198037719e-03
1.300000000000000000e+01 6.694968558095167228e-03
1.500000000000000000e+01 6.588209780116482082e-03
1.700000000000000000e+01 6.449516124369610720e-03
1.900000000000000000e+01 6.462322382750292776e-03
2.100000000000000000e+01 6.862997336784746813e-03
2.300000000000000000e+01 7.655492153060669026e-03
2.500000000000000000e+01 8.292348066865328979e-03
2.700000000000000000e+01 7.943598374099676215e-03
2.900000000000000000e+01 6.748476272486161887e-03
3.100000000000000000e+01 6.628905114814339500e-03
3.300000000000000000e+01 8.896869042070100833e-03
3.500000000000000000e+01 1.050160833132050137e-02
3.700000000000000000e+01 7.942134997469239149e-03
3.900000000000000000e+01 6.675764885507522173e-03
4.100000000000000000e+01 1.185878011897729609e-02
4.300000000000000000e+01 1.159598593211585288e-02
4.500000000000000000e+01 6.223937242914772197e-03
4.700000000000000000e+01 1.455544386422554133e-02
4.900000000000000000e+01 1.230015801832580816e-02
5.100000000000000000e+01 8.383837405210498722e-03
5.300000000000000000e+01 2.112267329146005554e-02
5.500000000000000000e+01 5.784368521992790807e-03
5.700000000000000000e+01 2.752277338161245035e-02
5.900000000000000000e+01 5.388580044959264195e-03
6.100000000000000000e+01 3.602410868805171196e-02
6.300000000000000000e+01 1.292117052325773147e-02
6.500000000000000000e+01 2.366601336689101026e-02
6.700000000000000000e+01 7.452130787117017263e-02
6.900000000000000000e+01 5.833114537394908788e-02
7.100000000000000000e+01 2.116374724493904139e-02
7.300000000000000000e+01 4.333095709689952120e-03
7.500000000000000000e+01 5.476535581733803964e-04
7.700000000000000000e+01 4.481077565301151217e-05
7.900000000000000000e+01 2.435714349401719448e-06
8.100000000000000000e+01 8.901365658063711659e-08
8.300000000000000000e+01 2.190668762904514959e-09
8.500000000000000000e+01 3.602765371408098893e-11
8.700000000000000000e+01 3.890416785911447354e-13
8.900000000000000000e+01 2.677721770630040457e-15
9.100000000000000000e+01 1.121297264658939738e-17
9.300000000000000000e+01 2.654919801713513344e-20
9.500000000000000000e+01 3.146820897873392586e-23
9.700000000000000000e+01 1.484793995806967757e-26
9.900000000000000000e+01 1.577721810441998563e-30
