-3.990000000000000000e+02 7.745183829698148989e-121
-3.970000000000000000e+02 1.220726168582553811e-115
-3.950000000000000000e+02 4.689964901061979912e-111
-3.930000000000000000e+02 7.805902254460458452e-107
-3.910000000000000000e+02 7.120979950522014259e-103
-3.890000000000000000e+02 4.049755063984215607e-99
-3.870000000000000000e+02 1.557381545554483986e-95
-3.850000000000000000e+02 4.283022066403030886e-92
-3.830000000000000000e+02 8.774903609893012784e-89
-3.810000000000000000e+02 1.381602231468008753e-85
-3.790000000000000000e+02 1.713129275678012883e-82
-3.770000000000000000e+02 1.706143256821651763e-79
-3.750000000000000000e+02 1.387023118192619952e-76
-3.730000000000000000e+02 9.329489067328944079e-74
-3.710000000000000000e+02 5.251659057458988844e-71
-3.690000000000000000e+02 2.498270468948017791e-68
-3.670000000000000000e+02 1.012850264160569300e-65
-3.650000000000000000e+02 3.525294353744094026e-63
-3.630000000000000000e+02 1.060167207351630661e-60
-3.610000000000000000e+02 2.770335166662665954e-58
-3.590000000000000000e+02 6.321710549610790067e-56
-3.570000000000000000e+02 1.265323701973996496e-53
-3.550000000000000000e+02 2.230185819247284243e-51
-3.530000000000000000e+02 3.473553373100038713e-49
-3.510000000000000000e+02 4.795752092206607636e-47
-3.490000000000000000e+02 5.885707085238103368e-45
-3.470000000000000000e+02 6.436903495297879419e-43
-3.450000000000000000e+02 6.287085158193734375e-41
-3.430000000000000000e+02 5.494951361230574178e-39
-3.410000000000000000e+02 4.304947906031195505e-37
-3.390000000000000000e+02 3.027716187941606375e-35
-3.370000000000000000e+02 1.914130041661479017e-33
-3.350000000000000000e+02 1.088978590082070258e-31
-3.330000000000000000e+02 5.580356721715008408e-30
-3.310000000000000000e+02 2.577659872857633644e-28
-3.290000000000000000e+02 1.073894619354687856e-26
-3.270000000000000000e+02 4.036896099409133106e-25
-3.250000000000000000e+02 1.369578650307947319e-23
-3.230000000000000000e+02 4.193812443306796134e-22
-3.210000000000000000e+02 1.158954997761298600e-20
-3.190000000000000000e+02 2.889573288693614958e-19
-3.170000000000000000e+02 6.496833369387634118e-18
-3.150000000000000000e+02 1.316357998410936313e-16
-3.130000000000000000e+02 2.401371447211738733e-15
-3.110000000000000000e+02 3.939700296526863600e-14
-3.090000000000000000e+02 5.804659373776846321e-13
-3.070000000000000000e+02 7.667661691051164554e-12
-3.050000000000000000e+02 9.062304912115432865e-11
-3.030000000000000000e+02 9.559868280251272430e-10
-3.010000000000000000e+02 8.975366308382238309e-09
-2.990000000000000000e+02 7.473976746599784416e-08
-2.970000000000000000e+02 5.497607858967376441e-07
-2.950000000000000000e+02 3.554526494904308667e-06
-2.930000000000000000e+02 2.008080367808915369e-05
-2.910000000000000000e+02 9.839595200618283892e-05
-2.890000000000000000e+02 4.143471702536072419e-04
-2.870000000000000000e+02 1.481821061124856832e-03
-2.850000000000000000e+02 4.430369937718038609e-03
-2.830000000000000000e+02 1.083473218153329157e-02
-2.810000000000000000e+02 2.098604057828102123e-02
-2.790000000000000000e+02 3.055669031609573039e-02
-2.770000000000000000e+02 3.033073599274185850e-02
-2.750000000000000000e+02 1.619474888001096874e-02
-2.730000000000000000e+02 1.822742561119300572e-03
-2.710000000000000000e+02 5.791842662685918464e-03
-2.690000000000000000e+02 1.754221642727140512e-02
-2.670000000000000000e+02 1.110334399454657520e-02
-2.650000000000000000e+02 9.822298424086049404e-04
-2.630000000000000000e+02 1.043416936512807716e-02
-2.610000000000000000e+02 1.127842531787304897e-02
-2.590000000000000000e+02 1.122647869224831056e-03
-2.570000000000000000e+02 9.560063686401155253e-03
-2.550000000000000000e+02 7.577367612505373461e-03
-2.530000000000000000e+02 1.970519076427308062e-03
-2.510000000000000000e+02 1.033772694245235248e-02
-2.490000000000000000e+02 2.192289649380209805e-03
-2.470000000000000000e+02 6.823783856125442172e-03
-2.450000000000000000e+02 5.510947033593610947e-03
-2.430000000000000000e+02 3.279100157494209584e-03
-2.410000000000000000e+02 7.382331182400845085e-03
-2.390000000000000000e+02 1.722780550298292322e-03
-2.370000000000000000e+02 7.621457863952461539e-03
-2.350000000000000000e+02 1.378426809983096524e-03
-2.330000000000000000e+02 7.219743403392250847e-03
-2.310000000000000000e+02 1.378094485641516431e-03
-2.290000000000000000e+02 6.756378263730556874e-03
-2.270000000000000000e+02 1.405971831416186982e-03
-2.250000000000000000e+02 6.306755916646928327e-03
-2.230000000000000000e+02 1.550752878818631225e-03
-2.210000000000000000e+02 5.652155293121127050e-03
-2.190000000000000000e+02 2.089844714385404988e-03
-2.170000000000000000e+02 4.512268637372477548e-03
-2.150000000000000000e+02 3.199271231588883112e-03
-2.130000000000000000e+02 2.920401800633485277e-03
-2.110000000000000000e+02 4.511713141781098675e-03
-2.090000000000000000e+02 1.631559125027420799e-03
-2.070000000000000000e+02 4.934575306784422591e-03
-2.050000000000000000e+02 1.827535839643141613e-03
-2.030000000000000000e+02 3.618920815636872575e-03
-2.010000000000000000e+02 3.507576633008232733e-03
-1.990000000000000000e+02 1.764297599089601886e-03
-1.970000000000000000e+02 4.375659238852610058e-03
-1.950000000000000000e+02 1.990797630507586992e-03
-1.930000000000000000e+02 2.768704412826216658e-03
-1.910000000000000000e+02 3.807481278567034604e-03
-1.890000000000000000e+02 1.543971727598995912e-03
-1.870000000000000000e+02 3.326217843982879480e-03
-1.850000000000000000e+02 3.144903129442676738e-03
-1.830000000000000000e+02 1.563187463186128511e-03
-1.810000000000000000e+02 3.388620671233504283e-03
-1.790000000000000000e+02 2.817788755257610682e-03
-1.770000000000000000e+02 1.588889055994265010e-03
-1.750000000000000000e+02 3.196542225496654469e-03
-1.730000000000000000e+02 2.802032936178049018e-03
-1.710000000000000000e+02 1.557399140798968948e-03
-1.690000000000000000e+02 2.822354688715482222e-03
-1.670000000000000000e+02 2.967677147479477577e-03
-1.650000000000000000e+02 1.628751359118345201e-03
-1.630000000000000000e+02 2.259966136243991321e-03
-1.610000000000000000e+02 3.066922006660476561e-03
-1.590000000000000000e+02 2.010752563241569903e-03
-1.570000000000000000e+02 1.697383494021945756e-03
-1.550000000000000000e+02 2.735461789661535175e-03
-1.530000000000000000e+02 2.604468322099044025e-03
-1.510000000000000000e+02 1.646615058456047439e-03
-1.490000000000000000e+02 1.953555459880912479e-03
-1.470000000000000000e+02 2.721375601471472290e-03
-1.450000000000000000e+02 2.293041209301497144e-03
-1.430000000000000000e+02 1.594965145792116498e-03
-1.410000000000000000e+02 1.971224479588274195e-03
-1.390000000000000000e+02 2.571950152473800010e-03
-1.370000000000000000e+02 2.237246203564690738e-03
-1.350000000000000000e+02 1.626521790830740000e-03
-1.330000000000000000e+02 1.798724592250145870e-03
-1.310000000000000000e+02 2.355427046712167335e-03
-1.290000000000000000e+02 2.318537215200292337e-03
-1.270000000000000000e+02 1.784137101645456901e-03
-1.250000000000000000e+02 1.605447532546737692e-03
-1.230000000000000000e+02 1.988808972645201689e-03
-1.210000000000000000e+02 2.296962035938659649e-03
-1.190000000000000000e+02 2.087094576273276769e-03
-1.170000000000000000e+02 1.684034966467089786e-03
-1.150000000000000000e+02 1.621076314485329645e-03
-1.130000000000000000e+02 1.922018034092963859e-03
-1.110000000000000000e+02 2.160315837598823525e-03
-1.090000000000000000e+02 2.047972831303968705e-03
-1.070000000000000000e+02 1.742645369814890648e-03
-1.050000000000000000e+02 1.591076512073035312e-03
-1.030000000000000000e+02 1.722331456279503018e-03
-1.010000000000000000e+02 1.955467773672414991e-03
-9.900000000000000000e+01 2.038810741247832920e-03
-9.700000000000000000e+01 1.904534308607627778e-03
-9.500000000000000000e+01 1.694672372913289156e-03
-9.300000000000000000e+01 1.593296449543444258e-03
-9.100000000000000000e+01 1.661644163850302131e-03
-8.900000000000000000e+01 1.813834149228212098e-03
-8.700000000000000000e+01 1.915139967586627738e-03
-8.500000000000000000e+01 1.893347579772624960e-03
-8.300000000000000000e+01 1.776743014642561368e-03
-8.100000000000000000e+01 1.652214858180976742e-03
-7.900000000000000000e+01 1.594944744901126074e-03
-7.700000000000000000e+01 1.624059639368478480e-03
-7.500000000000000000e+01 1.704475741469662145e-03
-7.300000000000000000e+01 1.779986715133141835e-03
-7.100000000000000000e+01 1.809009079970387828e-03
-6.900000000000000000e+01 1.782441420081689980e-03
-6.700000000000000000e+01 1.719835220620452750e-03
-6.500000000000000000e+01 1.652741726659114063e-03
-6.300000000000000000e+01 1.607439728151186702e-03
-6.100000000000000000e+01 1.595222561223422425e-03
-5.900000000000000000e+01 1.611998502153926633e-03
-5.700000000000000000e+01 1.644203851099195575e-03
-5.500000000000000000e+01 1.676462130654936180e-03
-5.300000000000000000e+01 1.697422642934657633e-03
-5.100000000000000000e+01 1.702272557135499961e-03
-4.900000000000000000e+01 1.692236781258333158e-03
-4.700000000000000000e+01 1.672336609581721433e-03
-4.500000000000000000e+01 1.648776754283519125e-03
-4.300000000000000000e+01 1.626908211722190821e-03
-4.100000000000000000e+01 1.610151042780841356e-03
-3.900000000000000000e+01 1.599813050255902581e-03
-3.700000000000000000e+01 1.595504752420424770e-03
-3.500000000000000000e+01 1.595807711115238611e-03
-3.300000000000000000e+01 1.598928308894850565e-03
-3.100000000000000000e+01 1.603185943219291977e-03
-2.900000000000000000e+01 1.607290329855424593e-03
-2.700000000000000000e+01 1.610432864331114459e-03
-2.500000000000000000e+01 1.612249372509055347e-03
-2.300000000000000000e+01 1.612715405146501659e-03
-2.100000000000000000e+01 1.612022996310648196e-03
-1.900000000000000000e+01 1.610470108502662714e-03
-1.700000000000000000e+01 1.608377611517510701e-03
-1.500000000000000000e+01 1.606036703287202702e-03
-1.300000000000000000e+01 1.603682694290827025e-03
-1.100000000000000000e+01 1.601488153687133419e-03
-9.000000000000000000e+00 1.599568193229304516e-03
-7.000000000000000000e+00 1.597991869799162594e-03
-5.000000000000000000e+00 1.596795376457686233e-03
-3.000000000000000000e+00 1.595994291948150869e-03
-1.000000000000000000e+00 1.595593399156724785e-03
1.000000000000000000e+00 1.595593399156724785e-03
3.000000000000000000e+00 1.595994291948150869e-03
5.000000000000000000e+00 1.596795376457686233e-03
7.000000000000000000e+00 1.597991869799162594e-03
9.000000000000000000e+00 1.599568193229304516e-03
1.100000000000000000e+01 1.601488153687133419e-03
1.300000000000000000e+01 1.603682694290827025e-03
1.500000000000000000e+01 1.606036703287202702e-03
1.700000000000000000e+01 1.608377611517510701e-03
1.900000000000000000e+01 1.610470108502662714e-03
2.100000000000000000e+01 1.612022996310648196e-03
2.300000000000000000e+01 1.612715405146501659e-03
2.500000000000000000e+01 1.612249372509055347e-03
2.700000000000000000e+01 1.610432864331114459e-03
2.900000000000000000e+01 1.607290329855424593e-03
3.100000000000000000e+01 1.603185943219291977e-03
3.300000000000000000e+01 1.598928308894850565e-03
3.500000000000000000e+01 1.595807711115238611e-03
3.700000000000000000e+01 1.595504752420424770e-03
3.900000000000000000e+01 1.599813050255902581e-03
4.100000000000000000e+01 1.610151042780841356e-03
4.300000000000000000e+01 1.626908211722190821e-03
4.500000000000000000e+01 1.648776754283519125e-03
4.700000000000000000e+01 1.672336609581721433e-03
4.900000000000000000e+01 1.692236781258333158e-03
5.100000000000000000e+01 1.702272557135499961e-03
5.300000000000000000e+01 1.697422642934657633e-03
5.500000000000000000e+01 1.676462130654936180e-03
5.700000000000000000e+01 1.644203851099195575e-03
5.900000000000000000e+01 1.611998502153926633e-03
6.100000000000000000e+01 1.595222561223422425e-03
6.300000000000000000e+01 1.607439728151186702e-03
6.500000000000000000e+01 1.652741726659114063e-03
6.700000000000000000e+01 1.719835220620452750e-03
6.900000000000000000e+01 1.782441420081689980e-03
7.100000000000000000e+01 1.809009079970387828e-03
7.300000000000000000e+01 1.779986715133141835e-03
7.500000000000000000e+01 1.704475741469662145e-03
7.700000000000000000e+01 1.624059639368478480e-03
7.900000000000000000e+01 1.594944744901126074e-03
8.100000000000000000e+01 1.652214858180976742e-03
8.300000000000000000e+01 1.776743014642561368e-03
8.500000000000000000e+01 1.893347579772624960e-03
8.700000000000000000e+01 1.915139967586627738e-03
8.900000000000000000e+01 1.813834149228212098e-03
9.100000000000000000e+01 1.661644163850302131e-03
9.300000000000000000e+01 1.593296449543444258e-03
9.500000000000000000e+01 1.694672372913289156e-03
9.700000000000000000e+01 1.904534308607627778e-03
9.900000000000000000e+01 2.038810741247832920e-03
1.010000000000000000e+02 1.955467773672414991e-03
1.030000000000000000e+02 1.722331456279503018e-03
1.050000000000000000e+02 1.591076512073035312e-03
1.070000000000000000e+02 1.742645369814890648e-03
1.090000000000000000e+02 2.047972831303968705e-03
1.110000000000000000e+02 2.160315837598823525e-03
1.130000000000000000e+02 1.922018034092963859e-03
1.150000000000000000e+02 1.621076314485329645e-03
1.170000000000000000e+02 1.684034966467089786e-03
1.190000000000000000e+02 2.087094576273276769e-03
1.210000000000000000e+02 2.296962035938659649e-03
1.230000000000000000e+02 1.988808972645201689e-03
1.250000000000000000e+02 1.605447532546737692e-03
1.270000000000000000e+02 1.784137101645456901e-03
1.290000000000000000e+02 2.318537215200292337e-03
1.310000000000000000e+02 2.355427046712167335e-03
1.330000000000000000e+02 1.798724592250145870e-03
1.350000000000000000e+02 1.626521790830740000e-03
1.370000000000000000e+02 2.237246203564690738e-03
1.390000000000000000e+02 2.571950152473800010e-03
1.410000000000000000e+02 1.971224479588274195e-03
1.430000000000000000e+02 1.594965145792116498e-03
1.450000000000000000e+02 2.293041209301497144e-03
1.470000000000000000e+02 2.721375601471472290e-03
1.490000000000000000e+02 1.953555459880912479e-03
1.510000000000000000e+02 1.646615058456047439e-03
1.530000000000000000e+02 2.604468322099044025e-03
1.550000000000000000e+02 2.735461789661535175e-03
1.570000000000000000e+02 1.697383494021945756e-03
1.590000000000000000e+02 2.010752563241569903e-03
1.610000000000000000e+02 3.066922006660476561e-03
1.630000000000000000e+02 2.259966136243991321e-03
1.650000000000000000e+02 1.628751359118345201e-03
1.670000000000000000e+02 2.967677147479477577e-03
1.690000000000000000e+02 2.822354688715482222e-03
1.710000000000000000e+02 1.557399140798968948e-03
1.730000000000000000e+02 2.802032936178049018e-03
1.750000000000000000e+02 3.196542225496654469e-03
1.770000000000000000e+02 1.588889055994265010e-03
1.790000000000000000e+02 2.817788755257610682e-03
1.810000000000000000e+02 3.388620671233504283e-03
1.830000000000000000e+02 1.563187463186128511e-03
1.850000000000000000e+02 3.144903129442676738e-03
1.870000000000000000e+02 3.326217843982879480e-03
1.890000000000000000e+02 1.543971727598995912e-03
1.910000000000000000e+02 3.807481278567034604e-03
1.930000000000000000e+02 2.768704412826216658e-03
1.950000000000000000e+02 1.990797630507586992e-03
1.970000000000000000e+02 4.375659238852610058e-03
1.990000000000000000e+02 1.764297599089601886e-03
2.010000000000000000e+02 3.507576633008232733e-03
2.030000000000000000e+02 3.618920815636872575e-03
2.050000000000000000e+02 1.827535839643141613e-03
2.070000000000000000e+02 4.934575306784422591e-03
2.090000000000000000e+02 1.631559125027420799e-03
2.110000000000000000e+02 4.511713141781098675e-03
2.130000000000000000e+02 2.920401800633485277e-03
2.150000000000000000e+02 3.199271231588883112e-03
2.170000000000000000e+02 4.512268637372477548e-03
2.190000000000000000e+02 2.089844714385404988e-03
2.210000000000000000e+02 5.652155293121127050e-03
2.230000000000000000e+02 1.550752878818631225e-03
2.250000000000000000e+02 6.306755916646928327e-03
2.270000000000000000e+02 1.405971831416186982e-03
2.290000000000000000e+02 6.756378263730556874e-03
2.310000000000000000e+02 1.378094485641516431e-03
2.330000000000000000e+02 7.219743403392250847e-03
2.350000000000000000e+02 1.378426809983096524e-03
2.370000000000000000e+02 7.621457863952461539e-03
2.390000000000000000e+02 1.722780550298292322e-03
2.410000000000000000e+02 7.382331182400845085e-03
2.430000000000000000e+02 3.279100157494209584e-03
2.450000000000000000e+02 5.510947033593610947e-03
2.470000000000000000e+02 6.823783856125442172e-03
2.490000000000000000e+02 2.192289649380209805e-03
2.510000000000000000e+02 1.033772694245235248e-02
2.530000000000000000e+02 1.970519076427308062e-03
2.550000000000000000e+02 7.577367612505373461e-03
2.570000000000000000e+02 9.560063686401155253e-03
2.590000000000000000e+02 1.122647869224831056e-03
2.610000000000000000e+02 1.127842531787304897e-02
2.630000000000000000e+02 1.043416936512807716e-02
2.650000000000000000e+02 9.822298424086049404e-04
2.670000000000000000e+02 1.110334399454657520e-02
2.690000000000000000e+02 1.754221642727140512e-02
2.710000000000000000e+02 5.791842662685918464e-03
2.730000000000000000e+02 1.822742561119300572e-03
2.750000000000000000e+02 1.619474888001096874e-02
2.770000000000000000e+02 3.033073599274185850e-02
2.790000000000000000e+02 3.055669031609573039e-02
2.810000000000000000e+02 2.098604057828102123e-02
2.830000000000000000e+02 1.083473218153329157e-02
2.850000000000000000e+02 4.430369937718038609e-03
2.870000000000000000e+02 1.481821061124856832e-03
2.890000000000000000e+02 4.143471702536072419e-04
2.910000000000000000e+02 9.839595200618283892e-05
2.930000000000000000e+02 2.008080367808915369e-05
2.950000000000000000e+02 3.554526494904308667e-06
2.970000000000000000e+02 5.497607858967376441e-07
2.990000000000000000e+02 7.473976746599784416e-08
3.010000000000000000e+02 8.975366308382238309e-09
3.030000000000000000e+02 9.559868280251272430e-10
3.050000000000000000e+02 9.062304912115432865e-11
3.070000000000000000e+02 7.667661691051164554e-12
3.090000000000000000e+02 5.804659373776846321e-13
3.110000000000000000e+02 3.939700296526863600e-14
3.130000000000000000e+02 2.401371447211738733e-15
3.150000000000000000e+02 1.316357998410936313e-16
3.170000000000000000e+02 6.496833369387634118e-18
3.190000000000000000e+02 2.889573288693614958e-19
3.210000000000000000e+02 1.158954997761298600e-20
3.230000000000000000e+02 4.193812443306796134e-22
3.250000000000000000e+02 1.369578650307947319e-23
3.270000000000000000e+02 4.036896099409133106e-25
3.290000000000000000e+02 1.073894619354687856e-26
3.310000000000000000e+02 2.577659872857633644e-28
3.330000000000000000e+02 5.580356721715008408e-30
3.350000000000000000e+02 1.088978590082070258e-31
3.370000000000000000e+02 1.914130041661479017e-33
3.390000000000000000e+02 3.027716187941606375e-35
3.410000000000000000e+02 4.304947906031195505e-37
3.430000000000000000e+02 5.494951361230574178e-39
3.450000000000000000e+02 6.287085158193734375e-41
3.470000000000000000e+02 6.436903495297879419e-43
3.490000000000000000e+02 5.885707085238103368e-45
3.510000000000000000e+02 4.795752092206607636e-47
3.530000000000000000e+02 3.473553373100038713e-49
3.550000000000000000e+02 2.230185819247284243e-51
3.570000000000000000e+02 1.265323701973996496e-53
3.590000000000000000e+02 6.321710549610790067e-56
3.610000000000000000e+02 2.770335166662665954e-58
3.630000000000000000e+02 1.060167207351630661e-60
3.650000000000000000e+02 3.525294353744094026e-63
3.670000000000000000e+02 1.012850264160569300e-65
3.690000000000000000e+02 2.498270468948017791e-68
3.710000000000000000e+02 5.251659057458988844e-71
3.730000000000000000e+02 9.329489067328944079e-74
3.750000000000000000e+02 1.387023118192619952e-76
3.770000000000000000e+02 1.706143256821651763e-79
3.790000000000000000e+02 1.713129275678012883e-82
3.810000000000000000e+02 1.381602231468008753e-85
3.830000000000000000e+02 8.774903609893012784e-89
3.850000000000000000e+02 4.283022066403030886e-92
3.870000000000000000e+02 1.557381545554483986e-95
3.890000000000000000e+02 4.049755063984215607e-99
3.910000000000000000e+02 7.120979950522014259e-103
3.930000000000000000e+02 7.805902254460458452e-107
3.950000000000000000e+02 4.689964901061979912e-111
3.970000000000000000e+02 1.220726168582553811e-115
3.990000000000000000e+02 7.745183829698148989e-121
