-7.990000000000000000e+02 2.999393627790884621e-241
-7.970000000000000000e+02 1.905247825702646055e-235
-7.950000000000000000e+02 2.987799803065616807e-230
-7.930000000000000000e+02 2.056252886231775197e-225
-7.910000000000000000e+02 7.859531502814393238e-221
-7.890000000000000000e+02 1.898164733620533811e-216
-7.870000000000000000e+02 3.142750009292479991e-212
-7.850000000000000000e+02 3.773609180383171274e-208
-7.830000000000000000e+02 3.424111117703320712e-204
-7.810000000000000000e+02 2.422835626128099863e-200
-7.790000000000000000e+02 1.370368011373492931e-196
-7.770000000000000000e+02 6.320895426904408888e-193
-7.750000000000000000e+02 2.417225475013572221e-189
-7.730000000000000000e+02 7.770804546397006628e-186
-7.710000000000000000e+02 2.124904943379855134e-182
-7.690000000000000000e+02 4.992747610857722465e-179
-7.670000000000000000e+02 1.016936024351097343e-175
-7.650000000000000000e+02 1.809500943355586517e-172
-7.630000000000000000e+02 2.832062784251722260e-169
-7.610000000000000000e+02 3.922537656981579842e-166
-7.590000000000000000e+02 4.834110467156369323e-163
-7.570000000000000000e+02 5.326970776191248920e-160
-7.550000000000000000e+02 5.272108472937984754e-157
-7.530000000000000000e+02 4.705204452778033269e-154
-7.510000000000000000e+02 3.800659096106204778e-151
-7.490000000000000000e+02 2.787960924819442795e-148
-7.470000000000000000e+02 1.862960483222496218e-145
-7.450000000000000000e+02 1.137223402202893927e-142
-7.430000000000000000e+02 6.358500212890656605e-140
-7.410000000000000000e+02 3.264279428842988319e-137
-7.390000000000000000e+02 1.542142757743823056e-134
-7.370000000000000000e+02 6.718596918148238871e-132
-7.350000000000000000e+02 2.704576027803725891e-129
-7.330000000000000000e+02 1.007812121348104698e-126
-7.310000000000000000e+02 3.482260040288586500e-124
-7.290000000000000000e+02 1.117475957019656882e-121
-7.270000000000000000e+02 3.335502073028135198e-119
-7.250000000000000000e+02 9.273441645521508739e-117
-7.230000000000000000e+02 2.404645737497111354e-114
-7.210000000000000000e+02 5.822791527909353670e-112
-7.190000000000000000e+02 1.318223920166671387e-109
-7.170000000000000000e+02 2.793207976420632073e-107
-7.150000000000000000e+02 5.545290811111468507e-105
-7.130000000000000000e+02 1.032470085788407342e-102
-7.110000000000000000e+02 1.804528679610041929e-100
-7.090000000000000000e+02 2.963205251492275389e-98
-7.070000000000000000e+02 4.575394465692100718e-96
-7.050000000000000000e+02 6.648159220291997027e-94
-7.030000000000000000e+02 9.097009012695365705e-92
-7.010000000000000000e+02 1.173060890150023060e-89
-6.990000000000000000e+02 1.426430420208159893e-87
-6.970000000000000000e+02 1.636650607151746076e-85
-6.950000000000000000e+02 1.772917671599119115e-83
-6.930000000000000000e+02 1.814201624271520418e-81
-6.910000000000000000e+02 1.754567418603597907e-79
-6.890000000000000000e+02 1.604544514042634383e-77
-6.870000000000000000e+02 1.388121304968719776e-75
-6.850000000000000000e+02 1.136531026367925367e-73
-6.830000000000000000e+02 8.810197958003211139e-72
-6.810000000000000000e+02 6.468464149926007873e-70
-6.790000000000000000e+02 4.499634068487900089e-68
-6.770000000000000000e+02 2.966553269830598454e-66
-6.750000000000000000e+02 1.854188116187407641e-64
-6.730000000000000000e+02 1.099004461949625223e-62
-6.710000000000000000e+02 6.178688062792204537e-61
-6.690000000000000000e+02 3.295652048988955388e-59
-6.670000000000000000e+02 1.668099548796098546e-57
-6.650000000000000000e+02 8.013378125105573960e-56
-6.630000000000000000e+02 3.654182800718463756e-54
-6.610000000000000000e+02 1.581991730801412571e-52
-6.590000000000000000e+02 6.502888200814239328e-51
-6.570000000000000000e+02 2.538258435274333946e-49
-6.550000000000000000e+02 9.408549678835233390e-48
-6.530000000000000000e+02 3.311975285965149574e-46
-6.510000000000000000e+02 1.107234711368103609e-44
-6.490000000000000000e+02 3.515453871677313449e-43
-6.470000000000000000e+02 1.059993636807647001e-41
-6.450000000000000000e+02 3.035192567668337193e-40
-6.430000000000000000e+02 8.252796232366933800e-39
-6.410000000000000000e+02 2.130630390067895143e-37
-6.390000000000000000e+02 5.222238315088271552e-36
-6.370000000000000000e+02 1.215024832474789754e-34
-6.350000000000000000e+02 2.682997859968585296e-33
-6.330000000000000000e+02 5.621821501065768057e-32
-6.310000000000000000e+02 1.117526211659399081e-30
-6.290000000000000000e+02 2.106937620998658001e-29
-6.270000000000000000e+02 3.766470789246716070e-28
-6.250000000000000000e+02 6.382161012117713434e-27
-6.230000000000000000e+02 1.024700996570792130e-25
-6.210000000000000000e+02 1.558305690307813664e-24
-6.190000000000000000e+02 2.243607395499509818e-23
-6.170000000000000000e+02 3.056848773277854509e-22
-6.150000000000000000e+02 3.939202488550707541e-21
-6.130000000000000000e+02 4.798471694319245361e-20
-6.110000000000000000e+02 5.521889829007220981e-19
-6.090000000000000000e+02 5.998842062200995505e-18
-6.070000000000000000e+02 6.147792808009096800e-17
-6.050000000000000000e+02 5.938682701244261827e-16
-6.030000000000000000e+02 5.402487527501704732e-15
-6.010000000000000000e+02 4.623882642528172062e-14
-5.990000000000000000e+02 3.719328306104176093e-13
-5.970000000000000000e+02 2.808379561481433245e-12
-5.950000000000000000e+02 1.988003275047398866e-11
-5.930000000000000000e+02 1.317422528860254496e-10
-5.910000000000000000e+02 8.159958302154859357e-10
-5.890000000000000000e+02 4.715573647890746108e-09
-5.870000000000000000e+02 2.537471363217772149e-08
-5.850000000000000000e+02 1.268571177590099285e-07
-5.830000000000000000e+02 5.877224499801448244e-07
-5.810000000000000000e+02 2.516010996696349811e-06
-5.790000000000000000e+02 9.919306116786493597e-06
-5.770000000000000000e+02 3.587426063913104170e-05
-5.750000000000000000e+02 1.184717821551198173e-04
-5.730000000000000000e+02 3.552833376936495938e-04
-5.710000000000000000e+02 9.610047161007394733e-04
-5.690000000000000000e+02 2.324823976385915428e-03
-5.670000000000000000e+02 4.975379834816520859e-03
-5.650000000000000000e+02 9.282751565936169999e-03
-5.630000000000000000e+02 1.479001485767956862e-02
-5.610000000000000000e+02 1.950293358554451573e-02
-5.590000000000000000e+02 2.019236621695479419e-02
-5.570000000000000000e+02 1.478644423638083953e-02
-5.550000000000000000e+02 5.801973758460398853e-03
-5.530000000000000000e+02 4.010875906172982905e-04
-5.510000000000000000e+02 3.612167075172152686e-03
-5.490000000000000000e+02 1.055270338705570181e-02
-5.470000000000000000e+02 1.068060144818182809e-02
-5.450000000000000000e+02 3.388397672263971511e-03
-5.430000000000000000e+02 7.736176678409477890e-04
-5.410000000000000000e+02 6.897565272342231699e-03
-5.390000000000000000e+02 8.828575327000036388e-03
-5.370000000000000000e+02 2.280537773121325221e-03
-5.350000000000000000e+02 1.670780026792440193e-03
-5.330000000000000000e+02 7.652755072172493477e-03
-5.310000000000000000e+02 4.997020886858843762e-03
-5.290000000000000000e+02 5.285725058603544125e-04
-5.270000000000000000e+02 5.650700120548138999e-03
-5.250000000000000000e+02 5.587110994130256580e-03
-5.230000000000000000e+02 5.367949932810820021e-04
-5.210000000000000000e+02 4.967589966901359011e-03
-5.190000000000000000e+02 4.911754570444925617e-03
-5.170000000000000000e+02 5.777165074318632750e-04
-5.150000000000000000e+02 5.313383035132776544e-03
-5.130000000000000000e+02 3.332548539399815025e-03
-5.110000000000000000e+02 1.226832244459458935e-03
-5.090000000000000000e+02 5.594884458650384654e-03
-5.070000000000000000e+02 1.279846291574740112e-03
-5.050000000000000000e+02 3.209195055088187240e-03
-5.030000000000000000e+02 4.096194357358226394e-03
-5.010000000000000000e+02 7.865717749086313096e-04
-4.990000000000000000e+02 4.923296612150299817e-03
-4.970000000000000000e+02 1.152149337994971519e-03
-4.950000000000000000e+02 3.351043734893849064e-03
-4.930000000000000000e+02 2.931434793630485671e-03
-4.910000000000000000e+02 1.491608421431902132e-03
-4.890000000000000000e+02 4.156260212202489250e-03
-4.870000000000000000e+02 6.724438661349561820e-04
-4.850000000000000000e+02 4.245601105005846788e-03
-4.830000000000000000e+02 8.606441461080792301e-04
-4.810000000000000000e+02 3.608717738141989373e-03
-4.790000000000000000e+02 1.492284780618510776e-03
-4.770000000000000000e+02 2.797682168872395354e-03
-4.750000000000000000e+02 2.115847765647435770e-03
-4.730000000000000000e+02 2.128707129425807393e-03
-4.710000000000000000e+02 2.541656378627511065e-03
-4.690000000000000000e+02 1.688605316737669436e-03
-4.670000000000000000e+02 2.752357778346071170e-03
-4.650000000000000000e+02 1.452220909066115296e-03
-4.630000000000000000e+02 2.791269273048649097e-03
-4.610000000000000000e+02 1.372153675542405740e-03
-4.590000000000000000e+02 2.698860668801547104e-03
-4.570000000000000000e+02 1.418069145156552677e-03
-4.550000000000000000e+02 2.493109754589387366e-03
-4.530000000000000000e+02 1.581276195366089357e-03
-4.510000000000000000e+02 2.176281291196069823e-03
-4.490000000000000000e+02 1.859061663629585923e-03
-4.470000000000000000e+02 1.757831196234832484e-03
-4.450000000000000000e+02 2.225896169233931767e-03
-4.430000000000000000e+02 1.287153989052297392e-03
-4.410000000000000000e+02 2.600017339703539210e-03
-4.390000000000000000e+02 8.822452225797537077e-04
-4.370000000000000000e+02 2.827364495111444644e-03
-4.350000000000000000e+02 7.232108736347118375e-04
-4.330000000000000000e+02 2.721189385179744596e-03
-4.310000000000000000e+02 9.711531605625530437e-04
-4.290000000000000000e+02 2.186623833432748548e-03
-4.270000000000000000e+02 1.609572345710967535e-03
-4.250000000000000000e+02 1.388129236976046958e-03
-4.230000000000000000e+02 2.310392932555298696e-03
-4.210000000000000000e+02 7.947554974048194436e-04
-4.190000000000000000e+02 2.533262279479590613e-03
-4.170000000000000000e+02 9.003903070838879851e-04
-4.150000000000000000e+02 1.976317106194026233e-03
-4.130000000000000000e+02 1.678354753217118408e-03
-4.110000000000000000e+02 1.067720533951535848e-03
-4.090000000000000000e+02 2.339853253367749335e-03
-4.070000000000000000e+02 7.741331472110365292e-04
-4.050000000000000000e+02 2.040562364934711027e-03
-4.030000000000000000e+02 1.483931412674215295e-03
-4.010000000000000000e+02 1.079756875407667871e-03
-3.990000000000000000e+02 2.215272776123399390e-03
-3.970000000000000000e+02 8.110525675228722701e-04
-3.950000000000000000e+02 1.793010937985626066e-03
-3.930000000000000000e+02 1.654464730295363267e-03
-3.910000000000000000e+02 8.578549483420010819e-04
-3.890000000000000000e+02 2.106168677753097844e-03
-3.870000000000000000e+02 1.069891698463886669e-03
-3.850000000000000000e+02 1.262214591797565380e-03
-3.830000000000000000e+02 1.971314865938625979e-03
-3.810000000000000000e+02 7.954539990332388415e-04
-3.790000000000000000e+02 1.620880215119389640e-03
-3.770000000000000000e+02 1.663767129089993710e-03
-3.750000000000000000e+02 7.752321126569439343e-04
-3.730000000000000000e+02 1.801769557452258773e-03
-3.710000000000000000e+02 1.389021928556612075e-03
-3.690000000000000000e+02 8.527307917794452879e-04
-3.670000000000000000e+02 1.843575072410973343e-03
-3.650000000000000000e+02 1.214655296703015920e-03
-3.630000000000000000e+02 9.215763848578074208e-04
-3.610000000000000000e+02 1.817596647419598499e-03
-3.590000000000000000e+02 1.135957894966691840e-03
-3.570000000000000000e+02 9.399954365925567053e-04
-3.550000000000000000e+02 1.767441111486515570e-03
-3.530000000000000000e+02 1.134278059431346412e-03
-3.510000000000000000e+02 9.056207893917482500e-04
-3.490000000000000000e+02 1.700694571961567075e-03
-3.470000000000000000e+02 1.198288263322510108e-03
-3.450000000000000000e+02 8.393078850377360973e-04
-3.430000000000000000e+02 1.597842844015354927e-03
-3.410000000000000000e+02 1.318019462702888509e-03
-3.390000000000000000e+02 7.836153391948928607e-04
-3.370000000000000000e+02 1.429111647683291818e-03
-3.350000000000000000e+02 1.463245078440787023e-03
-3.330000000000000000e+02 8.013329304618674711e-04
-3.310000000000000000e+02 1.185624143301869425e-03
-3.290000000000000000e+02 1.561446096086355640e-03
-3.270000000000000000e+02 9.496434017470136010e-04
-3.250000000000000000e+02 9.236650729341586586e-04
-3.230000000000000000e+02 1.508130584476314456e-03
-3.210000000000000000e+02 1.214424539706060414e-03
-3.190000000000000000e+02 7.834084931621313353e-04
-3.170000000000000000e+02 1.249238944664566361e-03
-3.150000000000000000e+02 1.444470154428237341e-03
-3.130000000000000000e+02 9.051259492780136225e-04
-3.110000000000000000e+02 9.098901725042260772e-04
-3.090000000000000000e+02 1.410449655586756357e-03
-3.070000000000000000e+02 1.229873104578020973e-03
-3.050000000000000000e+02 7.930542165637693725e-04
-3.030000000000000000e+02 1.071785819144737729e-03
-3.010000000000000000e+02 1.408643362672756414e-03
-2.990000000000000000e+02 1.057838485848200177e-03
-2.970000000000000000e+02 7.921980045178401292e-04
-2.950000000000000000e+02 1.159229363710784048e-03
-2.930000000000000000e+02 1.351288585872839143e-03
-2.910000000000000000e+02 9.699913780694211646e-04
-2.890000000000000000e+02 8.092471715255115938e-04
-2.870000000000000000e+02 1.171747843409431597e-03
-2.850000000000000000e+02 1.303539972745639507e-03
-2.830000000000000000e+02 9.487097425480052340e-04
-2.810000000000000000e+02 8.073704895998252713e-04
-2.790000000000000000e+02 1.129389568999068089e-03
-2.770000000000000000e+02 1.278110165056851703e-03
-2.750000000000000000e+02 9.784650498759410280e-04
-2.730000000000000000e+02 7.926783465390865998e-04
-2.710000000000000000e+02 1.041808351751345469e-03
-2.690000000000000000e+02 1.253410260830576696e-03
-2.670000000000000000e+02 1.051655825863227279e-03
-2.650000000000000000e+02 7.991641517047707016e-04
-2.630000000000000000e+02 9.209994874591142340e-04
-2.610000000000000000e+02 1.186391781607033400e-03
-2.590000000000000000e+02 1.143037570490892550e-03
-2.570000000000000000e+02 8.717669861372084059e-04
-2.550000000000000000e+02 8.132934378259617722e-04
-2.530000000000000000e+02 1.042194519207855288e-03
-2.510000000000000000e+02 1.181265492649436573e-03
-2.490000000000000000e+02 1.017223885192891034e-03
-2.470000000000000000e+02 8.085677880199271424e-04
-2.450000000000000000e+02 8.616810734831371020e-04
-2.430000000000000000e+02 1.079045144758869002e-03
-2.410000000000000000e+02 1.134359042898160433e-03
-2.390000000000000000e+02 9.541035834840314728e-04
-2.370000000000000000e+02 7.976648223248859314e-04
-2.350000000000000000e+02 8.727588163081308539e-04
-2.330000000000000000e+02 1.060378547907339566e-03
-2.310000000000000000e+02 1.101755488215709015e-03
-2.290000000000000000e+02 9.478682480257170830e-04
-2.270000000000000000e+02 8.029739149565426164e-04
-2.250000000000000000e+02 8.443584999810558201e-04
-2.230000000000000000e+02 1.005743367574604566e-03
-2.210000000000000000e+02 1.080622647202514070e-03
-2.190000000000000000e+02 9.818752546778932496e-04
-2.170000000000000000e+02 8.324473297354432078e-04
-2.150000000000000000e+02 8.036580750221469782e-04
-2.130000000000000000e+02 9.169442229875594558e-04
-2.110000000000000000e+02 1.034766423469345425e-03
-2.090000000000000000e+02 1.026052335365794333e-03
-2.070000000000000000e+02 9.055825340298813420e-04
-2.050000000000000000e+02 8.038241787727760631e-04
-2.030000000000000000e+02 8.210275843297302166e-04
-2.010000000000000000e+02 9.292113287480140453e-04
-1.990000000000000000e+02 1.013089652110528774e-03
-1.970000000000000000e+02 9.909658328535503498e-04
-1.950000000000000000e+02 8.888465666077304548e-04
-1.930000000000000000e+02 8.047715379689731035e-04
-1.910000000000000000e+02 8.116051772360747402e-04
-1.890000000000000000e+02 8.946139848673471213e-04
-1.870000000000000000e+02 9.739447728942609867e-04
-1.850000000000000000e+02 9.802851100587566067e-04
-1.830000000000000000e+02 9.118734757010823685e-04
-1.810000000000000000e+02 8.283431090421999052e-04
-1.790000000000000000e+02 7.957970080076636485e-04
-1.770000000000000000e+02 8.340695867126398429e-04
-1.750000000000000000e+02 9.068327463769133932e-04
-1.730000000000000000e+02 9.555051528044463359e-04
-1.710000000000000000e+02 9.449704945757960621e-04
-1.690000000000000000e+02 8.860135163457490918e-04
-1.670000000000000000e+02 8.221977438871695167e-04
-1.650000000000000000e+02 7.959712272479632037e-04
-1.630000000000000000e+02 8.203594083150886600e-04
-1.610000000000000000e+02 8.741138102047090255e-04
-1.590000000000000000e+02 9.196046879681124640e-04
-1.570000000000000000e+02 9.283604849870739743e-04
-1.550000000000000000e+02 8.971965594059454555e-04
-1.530000000000000000e+02 8.468061789727900079e-04
-1.510000000000000000e+02 8.066483581350540350e-04
-1.490000000000000000e+02 7.971781596268972614e-04
-1.470000000000000000e+02 8.198296300836623290e-04
-1.450000000000000000e+02 8.588451832115939072e-04
-1.430000000000000000e+02 8.918582761584757917e-04
-1.410000000000000000e+02 9.021595497701102211e-04
-1.390000000000000000e+02 8.861431512440343756e-04
-1.370000000000000000e+02 8.531616601868184744e-04
-1.350000000000000000e+02 8.192795836051030602e-04
-1.330000000000000000e+02 7.989935539989482909e-04
-1.310000000000000000e+02 7.990671814691643329e-04
-1.290000000000000000e+02 8.167944622202241451e-04
-1.270000000000000000e+02 8.425705104648201042e-04
-1.250000000000000000e+02 8.648415498995114335e-04
-1.230000000000000000e+02 8.749454663198943938e-04
-1.210000000000000000e+02 8.699528480392432206e-04
-1.190000000000000000e+02 8.528282249490847780e-04
-1.170000000000000000e+02 8.304081120308088194e-04
-1.150000000000000000e+02 8.103876504362802265e-04
-1.130000000000000000e+02 7.985874281206424693e-04
-1.110000000000000000e+02 7.973742579078402660e-04
-1.090000000000000000e+02 8.055083515615412987e-04
-1.070000000000000000e+02 8.191513950133039179e-04
-1.050000000000000000e+02 8.334612047778216203e-04
-1.030000000000000000e+02 8.441567827129224568e-04
-1.010000000000000000e+02 8.486001019659234704e-04
-9.900000000000000000e+01 8.461978302351958348e-04
-9.700000000000000000e+01 8.381712157961482799e-04
-9.500000000000000000e+01 8.269058104215185881e-04
-9.300000000000000000e+01 8.151511742783667646e-04
-9.100000000000000000e+01 8.053089882489484087e-04
-8.900000000000000000e+01 7.989620188548581707e-04
-8.700000000000000000e+01 7.966957400841138265e-04
-8.500000000000000000e+01 7.981799501151824825e-04
-8.300000000000000000e+01 8.024259574337215539e-04
-8.100000000000000000e+01 8.081185012596774596e-04
-7.900000000000000000e+01 8.139333633702557341e-04
-7.700000000000000000e+01 8.187798987241041992e-04
-7.500000000000000000e+01 8.219407008433236503e-04
-7.300000000000000000e+01 8.231094228542773462e-04
-7.100000000000000000e+01 8.223474737093679210e-04
-6.900000000000000000e+01 8.199896942684761769e-04
-6.700000000000000000e+01 8.165296447659412416e-04
-6.500000000000000000e+01 8.125096384014263368e-04
-6.300000000000000000e+01 8.084322320473056201e-04
-6.100000000000000000e+01 8.047011377127872515e-04
-5.900000000000000000e+01 8.015921958263352420e-04
-5.700000000000000000e+01 7.992500057571209557e-04
-5.500000000000000000e+01 7.977031583005750976e-04
-5.300000000000000000e+01 7.968903931113303484e-04
-5.100000000000000000e+01 7.966908119298554518e-04
-4.900000000000000000e+01 7.969528824773165591e-04
-4.700000000000000000e+01 7.975188287982354352e-04
-4.500000000000000000e+01 7.982427368658704097e-04
-4.300000000000000000e+01 7.990020874503222029e-04
-4.100000000000000000e+01 7.997033779898268541e-04
-3.900000000000000000e+01 8.002830271079547104e-04
-3.700000000000000000e+01 8.007049434951860143e-04
-3.500000000000000000e+01 8.009560830917368535e-04
-3.300000000000000000e+01 8.010411121406381960e-04
-3.100000000000000000e+01 8.009770206455976704e-04
-2.900000000000000000e+01 8.007882513256405063e-04
-2.700000000000000000e+01 8.005026615311081322e-04
-2.500000000000000000e+01 8.001484391174998323e-04
-2.300000000000000000e+01 7.997519531418796797e-04
-2.100000000000000000e+01 7.993364323484804679e-04
-1.900000000000000000e+01 7.989213195946646062e-04
-1.700000000000000000e+01 7.985221376584996939e-04
-1.500000000000000000e+01 7.981507106136387537e-04
-1.300000000000000000e+01 7.978156060602613342e-04
-1.100000000000000000e+01 7.975226899328682678e-04
-9.000000000000000000e+00 7.972757124400516818e-04
-7.000000000000000000e+00 7.970768678512599008e-04
-5.000000000000000000e+00 7.969272907318526635e-04
-3.000000000000000000e+00 7.968274663186125824e-04
-1.000000000000000000e+00 7.967775432264519175e-04
1.000000000000000000e+00 7.967775432264519175e-04
3.000000000000000000e+00 7.968274663186125824e-04
5.000000000000000000e+00 7.969272907318526635e-04
7.000000000000000000e+00 7.970768678512599008e-04
9.000000000000000000e+00 7.972757124400516818e-04
1.100000000000000000e+01 7.975226899328682678e-04
1.300000000000000000e+01 7.978156060602613342e-04
1.500000000000000000e+01 7.981507106136387537e-04
1.700000000000000000e+01 7.985221376584996939e-04
1.900000000000000000e+01 7.989213195946646062e-04
2.100000000000000000e+01 7.993364323484804679e-04
2.300000000000000000e+01 7.997519531418796797e-04
2.500000000000000000e+01 8.001484391174998323e-04
2.700000000000000000e+01 8.005026615311081322e-04
2.900000000000000000e+01 8.007882513256405063e-04
3.100000000000000000e+01 8.009770206455976704e-04
3.300000000000000000e+01 8.010411121406381960e-04
3.500000000000000000e+01 8.009560830917368535e-04
3.700000000000000000e+01 8.007049434951860143e-04
3.900000000000000000e+01 8.002830271079547104e-04
4.100000000000000000e+01 7.997033779898268541e-04
4.300000000000000000e+01 7.990020874503222029e-04
4.500000000000000000e+01 7.982427368658704097e-04
4.700000000000000000e+01 7.975188287982354352e-04
4.900000000000000000e+01 7.969528824773165591e-04
5.100000000000000000e+01 7.966908119298554518e-04
5.300000000000000000e+01 7.968903931113303484e-04
5.500000000000000000e+01 7.977031583005750976e-04
5.700000000000000000e+01 7.992500057571209557e-04
5.900000000000000000e+01 8.015921958263352420e-04
6.100000000000000000e+01 8.047011377127872515e-04
6.300000000000000000e+01 8.084322320473056201e-04
6.500000000000000000e+01 8.125096384014263368e-04
6.700000000000000000e+01 8.165296447659412416e-04
6.900000000000000000e+01 8.199896942684761769e-04
7.100000000000000000e+01 8.223474737093679210e-04
7.300000000000000000e+01 8.231094228542773462e-04
7.500000000000000000e+01 8.219407008433236503e-04
7.700000000000000000e+01 8.187798987241041992e-04
7.900000000000000000e+01 8.139333633702557341e-04
8.100000000000000000e+01 8.081185012596774596e-04
8.300000000000000000e+01 8.024259574337215539e-04
8.500000000000000000e+01 7.981799501151824825e-04
8.700000000000000000e+01 7.966957400841138265e-04
8.900000000000000000e+01 7.989620188548581707e-04
9.100000000000000000e+01 8.053089882489484087e-04
9.300000000000000000e+01 8.151511742783667646e-04
9.500000000000000000e+01 8.269058104215185881e-04
9.700000000000000000e+01 8.381712157961482799e-04
9.900000000000000000e+01 8.461978302351958348e-04
1.010000000000000000e+02 8.486001019659234704e-04
1.030000000000000000e+02 8.441567827129224568e-04
1.050000000000000000e+02 8.334612047778216203e-04
1.070000000000000000e+02 8.191513950133039179e-04
1.090000000000000000e+02 8.055083515615412987e-04
1.110000000000000000e+02 7.973742579078402660e-04
1.130000000000000000e+02 7.985874281206424693e-04
1.150000000000000000e+02 8.103876504362802265e-04
1.170000000000000000e+02 8.304081120308088194e-04
1.190000000000000000e+02 8.528282249490847780e-04
1.210000000000000000e+02 8.699528480392432206e-04
1.230000000000000000e+02 8.749454663198943938e-04
1.250000000000000000e+02 8.648415498995114335e-04
1.270000000000000000e+02 8.425705104648201042e-04
1.290000000000000000e+02 8.167944622202241451e-04
1.310000000000000000e+02 7.990671814691643329e-04
1.330000000000000000e+02 7.989935539989482909e-04
1.350000000000000000e+02 8.192795836051030602e-04
1.370000000000000000e+02 8.531616601868184744e-04
1.390000000000000000e+02 8.861431512440343756e-04
1.410000000000000000e+02 9.021595497701102211e-04
1.430000000000000000e+02 8.918582761584757917e-04
1.450000000000000000e+02 8.588451832115939072e-04
1.470000000000000000e+02 8.198296300836623290e-04
1.490000000000000000e+02 7.971781596268972614e-04
1.510000000000000000e+02 8.066483581350540350e-04
1.530000000000000000e+02 8.468061789727900079e-04
1.550000000000000000e+02 8.971965594059454555e-04
1.570000000000000000e+02 9.283604849870739743e-04
1.590000000000000000e+02 9.196046879681124640e-04
1.610000000000000000e+02 8.741138102047090255e-04
1.630000000000000000e+02 8.203594083150886600e-04
1.650000000000000000e+02 7.959712272479632037e-04
1.670000000000000000e+02 8.221977438871695167e-04
1.690000000000000000e+02 8.860135163457490918e-04
1.710000000000000000e+02 9.449704945757960621e-04
1.730000000000000000e+02 9.555051528044463359e-04
1.750000000000000000e+02 9.068327463769133932e-04
1.770000000000000000e+02 8.340695867126398429e-04
1.790000000000000000e+02 7.957970080076636485e-04
1.810000000000000000e+02 8.283431090421999052e-04
1.830000000000000000e+02 9.118734757010823685e-04
1.850000000000000000e+02 9.802851100587566067e-04
1.870000000000000000e+02 9.739447728942609867e-04
1.890000000000000000e+02 8.946139848673471213e-04
1.910000000000000000e+02 8.116051772360747402e-04
1.930000000000000000e+02 8.047715379689731035e-04
1.950000000000000000e+02 8.888465666077304548e-04
1.970000000000000000e+02 9.909658328535503498e-04
1.990000000000000000e+02 1.013089652110528774e-03
2.010000000000000000e+02 9.292113287480140453e-04
2.030000000000000000e+02 8.210275843297302166e-04
2.050000000000000000e+02 8.038241787727760631e-04
2.070000000000000000e+02 9.055825340298813420e-04
2.090000000000000000e+02 1.026052335365794333e-03
2.110000000000000000e+02 1.034766423469345425e-03
2.130000000000000000e+02 9.169442229875594558e-04
2.150000000000000000e+02 8.036580750221469782e-04
2.170000000000000000e+02 8.324473297354432078e-04
2.190000000000000000e+02 9.818752546778932496e-04
2.210000000000000000e+02 1.080622647202514070e-03
2.230000000000000000e+02 1.005743367574604566e-03
2.250000000000000000e+02 8.443584999810558201e-04
2.270000000000000000e+02 8.029739149565426164e-04
2.290000000000000000e+02 9.478682480257170830e-04
2.310000000000000000e+02 1.101755488215709015e-03
2.330000000000000000e+02 1.060378547907339566e-03
2.350000000000000000e+02 8.727588163081308539e-04
2.370000000000000000e+02 7.976648223248859314e-04
2.390000000000000000e+02 9.541035834840314728e-04
2.410000000000000000e+02 1.134359042898160433e-03
2.430000000000000000e+02 1.079045144758869002e-03
2.450000000000000000e+02 8.616810734831371020e-04
2.470000000000000000e+02 8.085677880199271424e-04
2.490000000000000000e+02 1.017223885192891034e-03
2.510000000000000000e+02 1.181265492649436573e-03
2.530000000000000000e+02 1.042194519207855288e-03
2.550000000000000000e+02 8.132934378259617722e-04
2.570000000000000000e+02 8.717669861372084059e-04
2.590000000000000000e+02 1.143037570490892550e-03
2.610000000000000000e+02 1.186391781607033400e-03
2.630000000000000000e+02 9.209994874591142340e-04
2.650000000000000000e+02 7.991641517047707016e-04
2.670000000000000000e+02 1.051655825863227279e-03
2.690000000000000000e+02 1.253410260830576696e-03
2.710000000000000000e+02 1.041808351751345469e-03
2.730000000000000000e+02 7.926783465390865998e-04
2.750000000000000000e+02 9.784650498759410280e-04
2.770000000000000000e+02 1.278110165056851703e-03
2.790000000000000000e+02 1.129389568999068089e-03
2.810000000000000000e+02 8.073704895998252713e-04
2.830000000000000000e+02 9.487097425480052340e-04
2.850000000000000000e+02 1.303539972745639507e-03
2.870000000000000000e+02 1.171747843409431597e-03
2.890000000000000000e+02 8.092471715255115938e-04
2.910000000000000000e+02 9.699913780694211646e-04
2.930000000000000000e+02 1.351288585872839143e-03
2.950000000000000000e+02 1.159229363710784048e-03
2.970000000000000000e+02 7.921980045178401292e-04
2.990000000000000000e+02 1.057838485848200177e-03
3.010000000000000000e+02 1.408643362672756414e-03
3.030000000000000000e+02 1.071785819144737729e-03
3.050000000000000000e+02 7.930542165637693725e-04
3.070000000000000000e+02 1.229873104578020973e-03
3.090000000000000000e+02 1.410449655586756357e-03
3.110000000000000000e+02 9.098901725042260772e-04
3.130000000000000000e+02 9.051259492780136225e-04
3.150000000000000000e+02 1.444470154428237341e-03
3.170000000000000000e+02 1.249238944664566361e-03
3.190000000000000000e+02 7.834084931621313353e-04
3.210000000000000000e+02 1.214424539706060414e-03
3.230000000000000000e+02 1.508130584476314456e-03
3.250000000000000000e+02 9.236650729341586586e-04
3.270000000000000000e+02 9.496434017470136010e-04
3.290000000000000000e+02 1.561446096086355640e-03
3.310000000000000000e+02 1.185624143301869425e-03
3.330000000000000000e+02 8.013329304618674711e-04
3.350000000000000000e+02 1.463245078440787023e-03
3.370000000000000000e+02 1.429111647683291818e-03
3.390000000000000000e+02 7.836153391948928607e-04
3.410000000000000000e+02 1.318019462702888509e-03
3.430000000000000000e+02 1.597842844015354927e-03
3.450000000000000000e+02 8.393078850377360973e-04
3.470000000000000000e+02 1.198288263322510108e-03
3.490000000000000000e+02 1.700694571961567075e-03
3.510000000000000000e+02 9.056207893917482500e-04
3.530000000000000000e+02 1.134278059431346412e-03
3.550000000000000000e+02 1.767441111486515570e-03
3.570000000000000000e+02 9.399954365925567053e-04
3.590000000000000000e+02 1.135957894966691840e-03
3.610000000000000000e+02 1.817596647419598499e-03
3.630000000000000000e+02 9.215763848578074208e-04
3.650000000000000000e+02 1.214655296703015920e-03
3.670000000000000000e+02 1.843575072410973343e-03
3.690000000000000000e+02 8.527307917794452879e-04
3.710000000000000000e+02 1.389021928556612075e-03
3.730000000000000000e+02 1.801769557452258773e-03
3.750000000000000000e+02 7.752321126569439343e-04
3.770000000000000000e+02 1.663767129089993710e-03
3.790000000000000000e+02 1.620880215119389640e-03
3.810000000000000000e+02 7.954539990332388415e-04
3.830000000000000000e+02 1.971314865938625979e-03
3.850000000000000000e+02 1.262214591797565380e-03
3.870000000000000000e+02 1.069891698463886669e-03
3.890000000000000000e+02 2.106168677753097844e-03
3.910000000000000000e+02 8.578549483420010819e-04
3.930000000000000000e+02 1.654464730295363267e-03
3.950000000000000000e+02 1.793010937985626066e-03
3.970000000000000000e+02 8.110525675228722701e-04
3.990000000000000000e+02 2.215272776123399390e-03
4.010000000000000000e+02 1.079756875407667871e-03
4.030000000000000000e+02 1.483931412674215295e-03
4.050000000000000000e+02 2.040562364934711027e-03
4.070000000000000000e+02 7.741331472110365292e-04
4.090000000000000000e+02 2.339853253367749335e-03
4.110000000000000000e+02 1.067720533951535848e-03
4.130000000000000000e+02 1.678354753217118408e-03
4.150000000000000000e+02 1.976317106194026233e-03
4.170000000000000000e+02 9.003903070838879851e-04
4.190000000000000000e+02 2.533262279479590613e-03
4.210000000000000000e+02 7.947554974048194436e-04
4.230000000000000000e+02 2.310392932555298696e-03
4.250000000000000000e+02 1.388129236976046958e-03
4.270000000000000000e+02 1.609572345710967535e-03
4.290000000000000000e+02 2.186623833432748548e-03
4.310000000000000000e+02 9.711531605625530437e-04
4.330000000000000000e+02 2.721189385179744596e-03
4.350000000000000000e+02 7.232108736347118375e-04
4.370000000000000000e+02 2.827364495111444644e-03
4.390000000000000000e+02 8.822452225797537077e-04
4.410000000000000000e+02 2.600017339703539210e-03
4.430000000000000000e+02 1.287153989052297392e-03
4.450000000000000000e+02 2.225896169233931767e-03
4.470000000000000000e+02 1.757831196234832484e-03
4.490000000000000000e+02 1.859061663629585923e-03
4.510000000000000000e+02 2.176281291196069823e-03
4.530000000000000000e+02 1.581276195366089357e-03
4.550000000000000000e+02 2.493109754589387366e-03
4.570000000000000000e+02 1.418069145156552677e-03
4.590000000000000000e+02 2.698860668801547104e-03
4.610000000000000000e+02 1.372153675542405740e-03
4.630000000000000000e+02 2.791269273048649097e-03
4.650000000000000000e+02 1.452220909066115296e-03
4.670000000000000000e+02 2.752357778346071170e-03
4.690000000000000000e+02 1.688605316737669436e-03
4.710000000000000000e+02 2.541656378627511065e-03
4.730000000000000000e+02 2.128707129425807393e-03
4.750000000000000000e+02 2.115847765647435770e-03
4.770000000000000000e+02 2.797682168872395354e-03
4.790000000000000000e+02 1.492284780618510776e-03
4.810000000000000000e+02 3.608717738141989373e-03
4.830000000000000000e+02 8.606441461080792301e-04
4.850000000000000000e+02 4.245601105005846788e-03
4.870000000000000000e+02 6.724438661349561820e-04
4.890000000000000000e+02 4.156260212202489250e-03
4.910000000000000000e+02 1.491608421431902132e-03
4.930000000000000000e+02 2.931434793630485671e-03
4.950000000000000000e+02 3.351043734893849064e-03
4.970000000000000000e+02 1.152149337994971519e-03
4.990000000000000000e+02 4.923296612150299817e-03
5.010000000000000000e+02 7.865717749086313096e-04
5.030000000000000000e+02 4.096194357358226394e-03
5.050000000000000000e+02 3.209195055088187240e-03
5.070000000000000000e+02 1.279846291574740112e-03
5.090000000000000000e+02 5.594884458650384654e-03
5.110000000000000000e+02 1.226832244459458935e-03
5.130000000000000000e+02 3.332548539399815025e-03
5.150000000000000000e+02 5.313383035132776544e-03
5.170000000000000000e+02 5.777165074318632750e-04
5.190000000000000000e+02 4.911754570444925617e-03
5.210000000000000000e+02 4.967589966901359011e-03
5.230000000000000000e+02 5.367949932810820021e-04
5.250000000000000000e+02 5.587110994130256580e-03
5.270000000000000000e+02 5.650700120548138999e-03
5.290000000000000000e+02 5.285725058603544125e-04
5.310000000000000000e+02 4.997020886858843762e-03
5.330000000000000000e+02 7.652755072172493477e-03
5.350000000000000000e+02 1.670780026792440193e-03
5.370000000000000000e+02 2.280537773121325221e-03
5.390000000000000000e+02 8.828575327000036388e-03
5.410000000000000000e+02 6.897565272342231699e-03
5.430000000000000000e+02 7.736176678409477890e-04
5.450000000000000000e+02 3.388397672263971511e-03
5.470000000000000000e+02 1.068060144818182809e-02
5.490000000000000000e+02 1.055270338705570181e-02
5.510000000000000000e+02 3.612167075172152686e-03
5.530000000000000000e+02 4.010875906172982905e-04
5.550000000000000000e+02 5.801973758460398853e-03
5.570000000000000000e+02 1.478644423638083953e-02
5.590000000000000000e+02 2.019236621695479419e-02
5.610000000000000000e+02 1.950293358554451573e-02
5.630000000000000000e+02 1.479001485767956862e-02
5.650000000000000000e+02 9.282751565936169999e-03
5.670000000000000000e+02 4.975379834816520859e-03
5.690000000000000000e+02 2.324823976385915428e-03
5.710000000000000000e+02 9.610047161007394733e-04
5.730000000000000000e+02 3.552833376936495938e-04
5.750000000000000000e+02 1.184717821551198173e-04
5.770000000000000000e+02 3.587426063913104170e-05
5.790000000000000000e+02 9.919306116786493597e-06
5.810000000000000000e+02 2.516010996696349811e-06
5.830000000000000000e+02 5.877224499801448244e-07
5.850000000000000000e+02 1.268571177590099285e-07
5.870000000000000000e+02 2.537471363217772149e-08
5.890000000000000000e+02 4.715573647890746108e-09
5.910000000000000000e+02 8.159958302154859357e-10
5.930000000000000000e+02 1.317422528860254496e-10
5.950000000000000000e+02 1.988003275047398866e-11
5.970000000000000000e+02 2.808379561481433245e-12
5.990000000000000000e+02 3.719328306104176093e-13
6.010000000000000000e+02 4.623882642528172062e-14
6.030000000000000000e+02 5.402487527501704732e-15
6.050000000000000000e+02 5.938682701244261827e-16
6.070000000000000000e+02 6.147792808009096800e-17
6.090000000000000000e+02 5.998842062200995505e-18
6.110000000000000000e+02 5.521889829007220981e-19
6.130000000000000000e+02 4.798471694319245361e-20
6.150000000000000000e+02 3.939202488550707541e-21
6.170000000000000000e+02 3.056848773277854509e-22
6.190000000000000000e+02 2.243607395499509818e-23
6.210000000000000000e+02 1.558305690307813664e-24
6.230000000000000000e+02 1.024700996570792130e-25
6.250000000000000000e+02 6.382161012117713434e-27
6.270000000000000000e+02 3.766470789246716070e-28
6.290000000000000000e+02 2.106937620998658001e-29
6.310000000000000000e+02 1.117526211659399081e-30
6.330000000000000000e+02 5.621821501065768057e-32
6.350000000000000000e+02 2.682997859968585296e-33
6.370000000000000000e+02 1.215024832474789754e-34
6.390000000000000000e+02 5.222238315088271552e-36
6.410000000000000000e+02 2.130630390067895143e-37
6.430000000000000000e+02 8.252796232366933800e-39
6.450000000000000000e+02 3.035192567668337193e-40
6.470000000000000000e+02 1.059993636807647001e-41
6.490000000000000000e+02 3.515453871677313449e-43
6.510000000000000000e+02 1.107234711368103609e-44
6.530000000000000000e+02 3.311975285965149574e-46
6.550000000000000000e+02 9.408549678835233390e-48
6.570000000000000000e+02 2.538258435274333946e-49
6.590000000000000000e+02 6.502888200814239328e-51
6.610000000000000000e+02 1.581991730801412571e-52
6.630000000000000000e+02 3.654182800718463756e-54
6.650000000000000000e+02 8.013378125105573960e-56
6.670000000000000000e+02 1.668099548796098546e-57
6.690000000000000000e+02 3.295652048988955388e-59
6.710000000000000000e+02 6.178688062792204537e-61
6.730000000000000000e+02 1.099004461949625223e-62
6.750000000000000000e+02 1.854188116187407641e-64
6.770000000000000000e+02 2.966553269830598454e-66
6.790000000000000000e+02 4.499634068487900089e-68
6.810000000000000000e+02 6.468464149926007873e-70
6.830000000000000000e+02 8.810197958003211139e-72
6.850000000000000000e+02 1.136531026367925367e-73
6.870000000000000000e+02 1.388121304968719776e-75
6.890000000000000000e+02 1.604544514042634383e-77
6.910000000000000000e+02 1.754567418603597907e-79
6.930000000000000000e+02 1.814201624271520418e-81
6.950000000000000000e+02 1.772917671599119115e-83
6.970000000000000000e+02 1.636650607151746076e-85
6.990000000000000000e+02 1.426430420208159893e-87
7.010000000000000000e+02 1.173060890150023060e-89
7.030000000000000000e+02 9.097009012695365705e-92
7.050000000000000000e+02 6.648159220291997027e-94
7.070000000000000000e+02 4.575394465692100718e-96
7.090000000000000000e+02 2.963205251492275389e-98
7.110000000000000000e+02 1.804528679610041929e-100
7.130000000000000000e+02 1.032470085788407342e-102
7.150000000000000000e+02 5.545290811111468507e-105
7.170000000000000000e+02 2.793207976420632073e-107
7.190000000000000000e+02 1.318223920166671387e-109
7.210000000000000000e+02 5.822791527909353670e-112
7.230000000000000000e+02 2.404645737497111354e-114
7.250000000000000000e+02 9.273441645521508739e-117
7.270000000000000000e+02 3.335502073028135198e-119
7.290000000000000000e+02 1.117475957019656882e-121
7.310000000000000000e+02 3.482260040288586500e-124
7.330000000000000000e+02 1.007812121348104698e-126
7.350000000000000000e+02 2.704576027803725891e-129
7.370000000000000000e+02 6.718596918148238871e-132
7.390000000000000000e+02 1.542142757743823056e-134
7.410000000000000000e+02 3.264279428842988319e-137
7.430000000000000000e+02 6.358500212890656605e-140
7.450000000000000000e+02 1.137223402202893927e-142
7.470000000000000000e+02 1.862960483222496218e-145
7.490000000000000000e+02 2.787960924819442795e-148
7.510000000000000000e+02 3.800659096106204778e-151
7.530000000000000000e+02 4.705204452778033269e-154
7.550000000000000000e+02 5.272108472937984754e-157
7.570000000000000000e+02 5.326970776191248920e-160
7.590000000000000000e+02 4.834110467156369323e-163
7.610000000000000000e+02 3.922537656981579842e-166
7.630000000000000000e+02 2.832062784251722260e-169
7.650000000000000000e+02 1.809500943355586517e-172
7.670000000000000000e+02 1.016936024351097343e-175
7.690000000000000000e+02 4.992747610857722465e-179
7.710000000000000000e+02 2.124904943379855134e-182
7.730000000000000000e+02 7.770804546397006628e-186
7.750000000000000000e+02 2.417225475013572221e-189
7.770000000000000000e+02 6.320895426904408888e-193
7.790000000000000000e+02 1.370368011373492931e-196
7.810000000000000000e+02 2.422835626128099863e-200
7.830000000000000000e+02 3.424111117703320712e-204
7.850000000000000000e+02 3.773609180383171274e-208
7.870000000000000000e+02 3.142750009292479991e-212
7.890000000000000000e+02 1.898164733620533811e-216
7.910000000000000000e+02 7.859531502814393238e-221
7.930000000000000000e+02 2.056252886231775197e-225
7.950000000000000000e+02 2.987799803065616807e-230
7.970000000000000000e+02 1.905247825702646055e-235
7.990000000000000000e+02 2.999393627790884621e-241
