-9.900000000000000000e+01 1.577721810441998563e-30
-9.700000000000000000e+01 1.484793995806967757e-26
-9.500000000000000000e+01 3.146820897873396700e-23
-9.300000000000000000e+01 2.654919801713519061e-20
-9.100000000000000000e+01 1.121297264658942357e-17
-8.900000000000000000e+01 2.677721770630046373e-15
-8.700000000000000000e+01 3.890416785911456442e-13
-8.500000000000000000e+01 3.602765371408107294e-11
-8.300000000000000000e+01 2.190668762904520750e-09
-8.100000000000000000e+01 8.901365658063744746e-08
-7.900000000000000000e+01 2.435714349401727918e-06
-7.700000000000000000e+01 4.481077565301165447e-05
-7.500000000000000000e+01 5.476535581733822395e-04
-7.300000000000000000e+01 4.333095709689965998e-03
-7.100000000000000000e+01 2.116374724493911771e-02
-6.900000000000000000e+01 5.833114537394927523e-02
-6.700000000000000000e+01 7.452130787117049182e-02
-6.500000000000000000e+01 2.366601336689114904e-02
-6.300000000000000000e+01 1.292117052325777483e-02
-6.100000000000000000e+01 3.602410868805183686e-02
-5.900000000000000000e+01 5.388580044959278073e-03
-5.700000000000000000e+01 2.752277338161251974e-02
-5.500000000000000000e+01 5.784368521992796011e-03
-5.300000000000000000e+01 2.112267329146012840e-02
-5.100000000000000000e+01 8.383837405210535151e-03
-4.900000000000000000e+01 1.230015801832581857e-02
-4.700000000000000000e+01 1.455544386422557950e-02
-4.500000000000000000e+01 6.223937242914793881e-03
-4.300000000000000000e+01 1.159598593211589798e-02
-4.100000000000000000e+01 1.185878011897732211e-02
-3.900000000000000000e+01 6.675764885507548194e-03
-3.700000000000000000e+01 7.942134997469259966e-03
-3.500000000000000000e+01 1.050160833132052912e-02
-3.300000000000000000e+01 8.896869042070140732e-03
-3.100000000000000000e+01 6.628905114814356847e-03
-2.900000000000000000e+01 6.748476272486174030e-03
-2.700000000000000000e+01 7.943598374099688358e-03
-2.500000000000000000e+01 8.292348066865358469e-03
-2.300000000000000000e+01 7.655492153060691578e-03
-2.100000000000000000e+01 6.862997336784762425e-03
-1.900000000000000000e+01 6.462322382750311858e-03
-1.700000000000000000e+01 6.449516124369638476e-03
-1.500000000000000000e+01 6.588209780116524583e-03
-1.300000000000000000e+01 6.694968558095205392e-03
-1.100000000000000000e+01 6.712230885198065475e-03
-9.000000000000000000e+00 6.661494137210944438e-03
-7.000000000000000000e+00 6.584351691358802244e-03
-5.000000000000000000e+00 6.512118944125388879e-03
-3.000000000000000000e+00 6.460363000356402624e-03
-1.000000000000000000e+00 6.434112033268408505e-03
1.000000000000000000e+00 6.434112033268408505e-03
3.000000000000000000e+00 6.460363000356402624e-03
5.000000000000000000e+00 6.512118944125388879e-03
7.000000000000000000e+00 6.584351691358802244e-03
9.000000000000000000e+00 6.661494137210944438e-03
1.100000000000000000e+01 6.712230885198065475e-03
1.300000000000000000e+01 6.694968558095205392e-03
1.500000000000000000e+01 6.588209780116524583e-03
1.700000000000000000e+01 6.449516124369638476e-03
1.900000000000000000e+01 6.462322382750311858e-03
2.100000000000000000e+01 6.862997336784762425e-03
2.300000000000000000e+01 7.655492153060691578e-03
2.500000000000000000e+01 8.292348066865358469e-03
2.700000000000000000e+01 7.943598374099688358e-03
2.900000000000000000e+01 6.748476272486174030e-03
3.100000000000000000e+01 6.628905114814356847e-03
3.300000000000000000e+01 8.896869042070140732e-03
3.500000000000000000e+01 1.050160833132052912e-02
3.700000000000000000e+01 7.942134997469259966e-03
3.900000000000000000e+01 6.675764885507548194e-03
4.100000000000000000e+01 1.185878011897732211e-02
4.300000000000000000e+01 1.159598593211589798e-02
4.500000000000000000e+01 6.223937242914793881e-03
4.700000000000000000e+01 1.455544386422557950e-02
4.900000000000000000e+01 1.230015801832581857e-02
5.100000000000000000e+01 8.383837405210535151e-03
5.300000000000000000e+01 2.112267329146012840e-02
5.500000000000000000e+01 5.784368521992796011e-03
5.700000000000000000e+01 2.752277338161251974e-02
5.900000000000000000e+01 5.388580044959278073e-03
6.100000000000000000e+01 3.602410868805183686e-02
6.300000000000000000e+01 1.292117052325777483e-02
6.500000000000000000e+01 2.366601336689114904e-02
6.700000000000000000e+01 7.452130787117049182e-02
6.900000000000000000e+01 5.833114537394927523e-02
7.100000000000000000e+01 2.116374724493911771e-02
7.300000000000000000e+01 4.333095709689965998e-03
7.500000000000000000e+01 5.476535581733822395e-04
7.700000000000000000e+01 4.481077565301165447e-05
7.900000000000000000e+01 2.435714349401727918e-06
8.100000000000000000e+01 8.901365658063744746e-08
8.300000000000000000e+01 2.190668762904520750e-09
8.500000000000000000e+01 3.602765371408107294e-11
8.700000000000000000e+01 3.890416785911456442e-13
8.900000000000000000e+01 2.677721770630046373e-15
9.100000000000000000e+01 1.121297264658942357e-17
9.300000000000000000e+01 2.654919801713519061e-20
9.500000000000000000e+01 3.146820897873396700e-23
9.700000000000000000e+01 1.484793995806967757e-26
9.900000000000000000e+01 1.577721810441998563e-30
