-1.990000000000000000e+02 1.244603055572189099e-60
-1.970000000000000000e+02 4.830428918981219658e-56
-1.950000000000000000e+02 4.453381986671282589e-52
-1.930000000000000000e+02 1.731578713282021288e-48
-1.910000000000000000e+02 3.588679507821284680e-45
-1.890000000000000000e+02 4.503750977353788282e-42
-1.870000000000000000e+02 3.707894263292910248e-39
-1.850000000000000000e+02 2.115073573783793750e-36
-1.830000000000000000e+02 8.695427815447448630e-34
-1.810000000000000000e+02 2.653742875646692757e-31
-1.790000000000000000e+02 6.150528748067324432e-29
-1.770000000000000000e+02 1.102056332427357632e-26
-1.750000000000000000e+02 1.548400680802619467e-24
-1.730000000000000000e+02 1.725261973097448280e-22
-1.710000000000000000e+02 1.538226238266398391e-20
-1.690000000000000000e+02 1.105217135958434898e-18
-1.670000000000000000e+02 6.434157368733795704e-17
-1.650000000000000000e+02 3.047000657555687950e-15
-1.630000000000000000e+02 1.176862754460175350e-13
-1.610000000000000000e+02 3.712157828842253303e-12
-1.590000000000000000e+02 9.562862052367417933e-11
-1.570000000000000000e+02 2.009255644550266952e-09
-1.550000000000000000e+02 3.433574208034748175e-08
-1.530000000000000000e+02 4.750648504974322589e-07
-1.510000000000000000e+02 5.286635794337346494e-06
-1.490000000000000000e+02 4.688043277566216133e-05
-1.470000000000000000e+02 3.270303649653703891e-04
-1.450000000000000000e+02 1.762429168178839380e-03
-1.430000000000000000e+02 7.148381009388042086e-03
-1.410000000000000000e+02 2.096804015534075444e-02
-1.390000000000000000e+02 4.161535238336603465e-02
-1.370000000000000000e+02 4.908136635099916156e-02
-1.350000000000000000e+02 2.445624008281558487e-02
-1.330000000000000000e+02 1.925458068562578692e-03
-1.310000000000000000e+02 1.957198085536440008e-02
-1.290000000000000000e+02 2.117663322270816467e-02
-1.270000000000000000e+02 2.334620552276614990e-03
-1.250000000000000000e+02 1.869992419592327731e-02
-1.230000000000000000e+02 7.666240456267616084e-03
-1.210000000000000000e+02 9.689390996225667047e-03
-1.190000000000000000e+02 1.142057112648138008e-02
-1.170000000000000000e+02 5.950661991033372872e-03
-1.150000000000000000e+02 1.121965962856661357e-02
-1.130000000000000000e+02 5.479761550129760850e-03
-1.110000000000000000e+02 9.178149329464365541e-03
-1.090000000000000000e+02 6.743640320374694186e-03
-1.070000000000000000e+02 6.054134926369690237e-03
-1.050000000000000000e+02 8.869838512879682849e-03
-1.030000000000000000e+02 3.289734233462657080e-03
-1.010000000000000000e+02 9.339705119469077221e-03
-9.900000000000000000e+01 3.948232008914789350e-03
-9.700000000000000000e+01 5.851584067486315099e-03
-9.500000000000000000e+01 7.429453781935686264e-03
-9.300000000000000000e+01 3.082303067933674090e-03
-9.100000000000000000e+01 6.421576778014349146e-03
-8.900000000000000000e+01 6.126838004673305048e-03
-8.700000000000000000e+01 3.108409608690727074e-03
-8.500000000000000000e+01 5.665581278438666483e-03
-8.300000000000000000e+01 5.955934809906806952e-03
-8.100000000000000000e+01 3.297809478970151805e-03
-7.900000000000000000e+01 4.282650604613594258e-03
-7.700000000000000000e+01 5.841113638653579014e-03
-7.500000000000000000e+01 4.268206626188490033e-03
-7.300000000000000000e+01 3.180866992024770998e-03
-7.100000000000000000e+01 4.475792988629385960e-03
-6.900000000000000000e+01 5.158704533886322371e-03
-6.700000000000000000e+01 4.006150971671862751e-03
-6.500000000000000000e+01 3.176276725923548715e-03
-6.300000000000000000e+01 3.809081317510920085e-03
-6.100000000000000000e+01 4.583412352330387338e-03
-5.900000000000000000e+01 4.314736349775358422e-03
-5.700000000000000000e+01 3.503989958093952153e-03
-5.500000000000000000e+01 3.193119480166926091e-03
-5.300000000000000000e+01 3.566797926702676858e-03
-5.100000000000000000e+01 4.023829107643045987e-03
-4.900000000000000000e+01 4.055193924653281365e-03
-4.700000000000000000e+01 3.701420743456574052e-03
-4.500000000000000000e+01 3.325240524773258408e-03
-4.300000000000000000e+01 3.195046644676308861e-03
-4.100000000000000000e+01 3.312219205999210672e-03
-3.900000000000000000e+01 3.510517067564248792e-03
-3.700000000000000000e+01 3.631172463911424252e-03
-3.500000000000000000e+01 3.617681126321790896e-03
-3.300000000000000000e+01 3.506530434363203282e-03
-3.100000000000000000e+01 3.369188543685896174e-03
-2.900000000000000000e+01 3.262068997121218405e-03
-2.700000000000000000e+01 3.207289916236318907e-03
-2.500000000000000000e+01 3.198472473902533482e-03
-2.300000000000000000e+01 3.216125766934750316e-03
-2.100000000000000000e+01 3.240846542188266857e-03
-1.900000000000000000e+01 3.259940959602065577e-03
-1.700000000000000000e+01 3.268313793825509787e-03
-1.500000000000000000e+01 3.266341915874076095e-03
-1.300000000000000000e+01 3.257102242630629130e-03
-1.100000000000000000e+01 3.244231673816534885e-03
-9.000000000000000000e+00 3.230754963810731489e-03
-7.000000000000000000e+00 3.218705048302717385e-03
-5.000000000000000000e+00 3.209210534025810652e-03
-3.000000000000000000e+00 3.202770192925417144e-03
-1.000000000000000000e+00 3.199538662108228522e-03
1.000000000000000000e+00 3.199538662108228522e-03
3.000000000000000000e+00 3.202770192925417144e-03
5.000000000000000000e+00 3.209210534025810652e-03
7.000000000000000000e+00 3.218705048302717385e-03
9.000000000000000000e+00 3.230754963810731489e-03
1.100000000000000000e+01 3.244231673816534885e-03
1.300000000000000000e+01 3.257102242630629130e-03
1.500000000000000000e+01 3.266341915874076095e-03
1.700000000000000000e+01 3.268313793825509787e-03
1.900000000000000000e+01 3.259940959602065577e-03
2.100000000000000000e+01 3.240846542188266857e-03
2.300000000000000000e+01 3.216125766934750316e-03
2.500000000000000000e+01 3.198472473902533482e-03
2.700000000000000000e+01 3.207289916236318907e-03
2.900000000000000000e+01 3.262068997121218405e-03
3.100000000000000000e+01 3.369188543685896174e-03
3.300000000000000000e+01 3.506530434363203282e-03
3.500000000000000000e+01 3.617681126321790896e-03
3.700000000000000000e+01 3.631172463911424252e-03
3.900000000000000000e+01 3.510517067564248792e-03
4.100000000000000000e+01 3.312219205999210672e-03
4.300000000000000000e+01 3.195046644676308861e-03
4.500000000000000000e+01 3.325240524773258408e-03
4.700000000000000000e+01 3.701420743456574052e-03
4.900000000000000000e+01 4.055193924653281365e-03
5.100000000000000000e+01 4.023829107643045987e-03
5.300000000000000000e+01 3.566797926702676858e-03
5.500000000000000000e+01 3.193119480166926091e-03
5.700000000000000000e+01 3.503989958093952153e-03
5.900000000000000000e+01 4.314736349775358422e-03
6.100000000000000000e+01 4.583412352330387338e-03
6.300000000000000000e+01 3.809081317510920085e-03
6.500000000000000000e+01 3.176276725923548715e-03
6.700000000000000000e+01 4.006150971671862751e-03
6.900000000000000000e+01 5.158704533886322371e-03
7.100000000000000000e+01 4.475792988629385960e-03
7.300000000000000000e+01 3.180866992024770998e-03
7.500000000000000000e+01 4.268206626188490033e-03
7.700000000000000000e+01 5.841113638653579014e-03
7.900000000000000000e+01 4.282650604613594258e-03
8.100000000000000000e+01 3.297809478970151805e-03
8.300000000000000000e+01 5.955934809906806952e-03
8.500000000000000000e+01 5.665581278438666483e-03
8.700000000000000000e+01 3.108409608690727074e-03
8.900000000000000000e+01 6.126838004673305048e-03
9.100000000000000000e+01 6.421576778014349146e-03
9.300000000000000000e+01 3.082303067933674090e-03
9.500000000000000000e+01 7.429453781935686264e-03
9.700000000000000000e+01 5.851584067486315099e-03
9.900000000000000000e+01 3.948232008914789350e-03
1.010000000000000000e+02 9.339705119469077221e-03
1.030000000000000000e+02 3.289734233462657080e-03
1.050000000000000000e+02 8.869838512879682849e-03
1.070000000000000000e+02 6.054134926369690237e-03
1.090000000000000000e+02 6.743640320374694186e-03
1.110000000000000000e+02 9.178149329464365541e-03
1.130000000000000000e+02 5.479761550129760850e-03
1.150000000000000000e+02 1.121965962856661357e-02
1.170000000000000000e+02 5.950661991033372872e-03
1.190000000000000000e+02 1.142057112648138008e-02
1.210000000000000000e+02 9.689390996225667047e-03
1.230000000000000000e+02 7.666240456267616084e-03
1.250000000000000000e+02 1.869992419592327731e-02
1.270000000000000000e+02 2.334620552276614990e-03
1.290000000000000000e+02 2.117663322270816467e-02
1.310000000000000000e+02 1.957198085536440008e-02
1.330000000000000000e+02 1.925458068562578692e-03
1.350000000000000000e+02 2.445624008281558487e-02
1.370000000000000000e+02 4.908136635099916156e-02
1.390000000000000000e+02 4.161535238336603465e-02
1.410000000000000000e+02 2.096804015534075444e-02
1.430000000000000000e+02 7.148381009388042086e-03
1.450000000000000000e+02 1.762429168178839380e-03
1.470000000000000000e+02 3.270303649653703891e-04
1.490000000000000000e+02 4.688043277566216133e-05
1.510000000000000000e+02 5.286635794337346494e-06
1.530000000000000000e+02 4.750648504974322589e-07
1.550000000000000000e+02 3.433574208034748175e-08
1.570000000000000000e+02 2.009255644550266952e-09
1.590000000000000000e+02 9.562862052367417933e-11
1.610000000000000000e+02 3.712157828842253303e-12
1.630000000000000000e+02 1.176862754460175350e-13
1.650000000000000000e+02 3.047000657555687950e-15
1.670000000000000000e+02 6.434157368733795704e-17
1.690000000000000000e+02 1.105217135958434898e-18
1.710000000000000000e+02 1.538226238266398391e-20
1.730000000000000000e+02 1.725261973097448280e-22
1.750000000000000000e+02 1.548400680802619467e-24
1.770000000000000000e+02 1.102056332427357632e-26
1.790000000000000000e+02 6.150528748067324432e-29
1.810000000000000000e+02 2.653742875646692757e-31
1.830000000000000000e+02 8.695427815447448630e-34
1.850000000000000000e+02 2.115073573783793750e-36
1.870000000000000000e+02 3.707894263292910248e-39
1.890000000000000000e+02 4.503750977353788282e-42
1.910000000000000000e+02 3.588679507821284680e-45
1.930000000000000000e+02 1.731578713282021288e-48
1.950000000000000000e+02 4.453381986671282589e-52
1.970000000000000000e+02 4.830428918981219658e-56
1.990000000000000000e+02 1.244603055572189099e-60
