-1.990000000000000000e+02 1.244603055572189375e-60
-1.970000000000000000e+02 4.830428918981235958e-56
-1.950000000000000000e+02 4.453381986671304844e-52
-1.930000000000000000e+02 1.731578713282030099e-48
-1.910000000000000000e+02 3.588679507821307705e-45
-1.890000000000000000e+02 4.503750977353813771e-42
-1.870000000000000000e+02 3.707894263292936350e-39
-1.850000000000000000e+02 2.115073573783807448e-36
-1.830000000000000000e+02 8.695427815447511921e-34
-1.810000000000000000e+02 2.653742875646708960e-31
-1.790000000000000000e+02 6.150528748067369274e-29
-1.770000000000000000e+02 1.102056332427366386e-26
-1.750000000000000000e+02 1.548400680802629936e-24
-1.730000000000000000e+02 1.725261973097459330e-22
-1.710000000000000000e+02 1.538226238266408322e-20
-1.690000000000000000e+02 1.105217135958441639e-18
-1.670000000000000000e+02 6.434157368733838845e-17
-1.650000000000000000e+02 3.047000657555708066e-15
-1.630000000000000000e+02 1.176862754460182923e-13
-1.610000000000000000e+02 3.712157828842279960e-12
-1.590000000000000000e+02 9.562862052367487727e-11
-1.570000000000000000e+02 2.009255644550280600e-09
-1.550000000000000000e+02 3.433574208034771336e-08
-1.530000000000000000e+02 4.750648504974354353e-07
-1.510000000000000000e+02 5.286635794337380375e-06
-1.490000000000000000e+02 4.688043277566252725e-05
-1.470000000000000000e+02 3.270303649653727202e-04
-1.450000000000000000e+02 1.762429168178852607e-03
-1.430000000000000000e+02 7.148381009388099332e-03
-1.410000000000000000e+02 2.096804015534091403e-02
-1.390000000000000000e+02 4.161535238336636772e-02
-1.370000000000000000e+02 4.908136635099957790e-02
-1.350000000000000000e+02 2.445624008281583467e-02
-1.330000000000000000e+02 1.925458068562601677e-03
-1.310000000000000000e+02 1.957198085536451457e-02
-1.290000000000000000e+02 2.117663322270832774e-02
-1.270000000000000000e+02 2.334620552276627566e-03
-1.250000000000000000e+02 1.869992419592340221e-02
-1.230000000000000000e+02 7.666240456267651646e-03
-1.210000000000000000e+02 9.689390996225713884e-03
-1.190000000000000000e+02 1.142057112648142865e-02
-1.170000000000000000e+02 5.950661991033416240e-03
-1.150000000000000000e+02 1.121965962856668816e-02
-1.130000000000000000e+02 5.479761550129798146e-03
-1.110000000000000000e+02 9.178149329464405440e-03
-1.090000000000000000e+02 6.743640320374743626e-03
-1.070000000000000000e+02 6.054134926369707584e-03
-1.050000000000000000e+02 8.869838512879741829e-03
-1.030000000000000000e+02 3.289734233462683968e-03
-1.010000000000000000e+02 9.339705119469132732e-03
-9.900000000000000000e+01 3.948232008914810166e-03
-9.700000000000000000e+01 5.851584067486371478e-03
-9.500000000000000000e+01 7.429453781935720091e-03
-9.300000000000000000e+01 3.082303067933692305e-03
-9.100000000000000000e+01 6.421576778014388177e-03
-8.900000000000000000e+01 6.126838004673347549e-03
-8.700000000000000000e+01 3.108409608690751794e-03
-8.500000000000000000e+01 5.665581278438710719e-03
-8.300000000000000000e+01 5.955934809906835575e-03
-8.100000000000000000e+01 3.297809478970183464e-03
-7.900000000000000000e+01 4.282650604613620279e-03
-7.700000000000000000e+01 5.841113638653619780e-03
-7.500000000000000000e+01 4.268206626188519523e-03
-7.300000000000000000e+01 3.180866992024795285e-03
-7.100000000000000000e+01 4.475792988629425859e-03
-6.900000000000000000e+01 5.158704533886376148e-03
-6.700000000000000000e+01 4.006150971671904384e-03
-6.500000000000000000e+01 3.176276725923568665e-03
-6.300000000000000000e+01 3.809081317510939167e-03
-6.100000000000000000e+01 4.583412352330415961e-03
-5.900000000000000000e+01 4.314736349775393984e-03
-5.700000000000000000e+01 3.503989958093980776e-03
-5.500000000000000000e+01 3.193119480166947341e-03
-5.300000000000000000e+01 3.566797926702701578e-03
-5.100000000000000000e+01 4.023829107643070273e-03
-4.900000000000000000e+01 4.055193924653309988e-03
-4.700000000000000000e+01 3.701420743456597905e-03
-4.500000000000000000e+01 3.325240524773277924e-03
-4.300000000000000000e+01 3.195046644676339219e-03
-4.100000000000000000e+01 3.312219205999237994e-03
-3.900000000000000000e+01 3.510517067564283486e-03
-3.700000000000000000e+01 3.631172463911455477e-03
-3.500000000000000000e+01 3.617681126321816917e-03
-3.300000000000000000e+01 3.506530434363236675e-03
-3.100000000000000000e+01 3.369188543685917858e-03
-2.900000000000000000e+01 3.262068997121239655e-03
-2.700000000000000000e+01 3.207289916236333652e-03
-2.500000000000000000e+01 3.198472473902550829e-03
-2.300000000000000000e+01 3.216125766934778505e-03
-2.100000000000000000e+01 3.240846542188298082e-03
-1.900000000000000000e+01 3.259940959602098537e-03
-1.700000000000000000e+01 3.268313793825524532e-03
-1.500000000000000000e+01 3.266341915874096911e-03
-1.300000000000000000e+01 3.257102242630656452e-03
-1.100000000000000000e+01 3.244231673816562640e-03
-9.000000000000000000e+00 3.230754963810756209e-03
-7.000000000000000000e+00 3.218705048302739069e-03
-5.000000000000000000e+00 3.209210534025838842e-03
-3.000000000000000000e+00 3.202770192925444900e-03
-1.000000000000000000e+00 3.199538662108247604e-03
1.000000000000000000e+00 3.199538662108247604e-03
3.000000000000000000e+00 3.202770192925444900e-03
5.000000000000000000e+00 3.209210534025838842e-03
7.000000000000000000e+00 3.218705048302739069e-03
9.000000000000000000e+00 3.230754963810756209e-03
1.100000000000000000e+01 3.244231673816562640e-03
1.300000000000000000e+01 3.257102242630656452e-03
1.500000000000000000e+01 3.266341915874096911e-03
1.700000000000000000e+01 3.268313793825524532e-03
1.900000000000000000e+01 3.259940959602098537e-03
2.100000000000000000e+01 3.240846542188298082e-03
2.300000000000000000e+01 3.216125766934778505e-03
2.500000000000000000e+01 3.198472473902550829e-03
2.700000000000000000e+01 3.207289916236333652e-03
2.900000000000000000e+01 3.262068997121239655e-03
3.100000000000000000e+01 3.369188543685917858e-03
3.300000000000000000e+01 3.506530434363236675e-03
3.500000000000000000e+01 3.617681126321816917e-03
3.700000000000000000e+01 3.631172463911455477e-03
3.900000000000000000e+01 3.510517067564283486e-03
4.100000000000000000e+01 3.312219205999237994e-03
4.300000000000000000e+01 3.195046644676339219e-03
4.500000000000000000e+01 3.325240524773277924e-03
4.700000000000000000e+01 3.701420743456597905e-03
4.900000000000000000e+01 4.055193924653309988e-03
5.100000000000000000e+01 4.023829107643070273e-03
5.300000000000000000e+01 3.566797926702701578e-03
5.500000000000000000e+01 3.193119480166947341e-03
5.700000000000000000e+01 3.503989958093980776e-03
5.900000000000000000e+01 4.314736349775393984e-03
6.100000000000000000e+01 4.583412352330415961e-03
6.300000000000000000e+01 3.809081317510939167e-03
6.500000000000000000e+01 3.176276725923568665e-03
6.700000000000000000e+01 4.006150971671904384e-03
6.900000000000000000e+01 5.158704533886376148e-03
7.100000000000000000e+01 4.475792988629425859e-03
7.300000000000000000e+01 3.180866992024795285e-03
7.500000000000000000e+01 4.268206626188519523e-03
7.700000000000000000e+01 5.841113638653619780e-03
7.900000000000000000e+01 4.282650604613620279e-03
8.100000000000000000e+01 3.297809478970183464e-03
8.300000000000000000e+01 5.955934809906835575e-03
8.500000000000000000e+01 5.665581278438710719e-03
8.700000000000000000e+01 3.108409608690751794e-03
8.900000000000000000e+01 6.126838004673347549e-03
9.100000000000000000e+01 6.421576778014388177e-03
9.300000000000000000e+01 3.082303067933692305e-03
9.500000000000000000e+01 7.429453781935720091e-03
9.700000000000000000e+01 5.851584067486371478e-03
9.900000000000000000e+01 3.948232008914810166e-03
1.010000000000000000e+02 9.339705119469132732e-03
1.030000000000000000e+02 3.289734233462683968e-03
1.050000000000000000e+02 8.869838512879741829e-03
1.070000000000000000e+02 6.054134926369707584e-03
1.090000000000000000e+02 6.743640320374743626e-03
1.110000000000000000e+02 9.178149329464405440e-03
1.130000000000000000e+02 5.479761550129798146e-03
1.150000000000000000e+02 1.121965962856668816e-02
1.170000000000000000e+02 5.950661991033416240e-03
1.190000000000000000e+02 1.142057112648142865e-02
1.210000000000000000e+02 9.689390996225713884e-03
1.230000000000000000e+02 7.666240456267651646e-03
1.250000000000000000e+02 1.869992419592340221e-02
1.270000000000000000e+02 2.334620552276627566e-03
1.290000000000000000e+02 2.117663322270832774e-02
1.310000000000000000e+02 1.957198085536451457e-02
1.330000000000000000e+02 1.925458068562601677e-03
1.350000000000000000e+02 2.445624008281583467e-02
1.370000000000000000e+02 4.908136635099957790e-02
1.390000000000000000e+02 4.161535238336636772e-02
1.410000000000000000e+02 2.096804015534091403e-02
1.430000000000000000e+02 7.148381009388099332e-03
1.450000000000000000e+02 1.762429168178852607e-03
1.470000000000000000e+02 3.270303649653727202e-04
1.490000000000000000e+02 4.688043277566252725e-05
1.510000000000000000e+02 5.286635794337380375e-06
1.530000000000000000e+02 4.750648504974354353e-07
1.550000000000000000e+02 3.433574208034771336e-08
1.570000000000000000e+02 2.009255644550280600e-09
1.590000000000000000e+02 9.562862052367487727e-11
1.610000000000000000e+02 3.712157828842279960e-12
1.630000000000000000e+02 1.176862754460182923e-13
1.650000000000000000e+02 3.047000657555708066e-15
1.670000000000000000e+02 6.434157368733838845e-17
1.690000000000000000e+02 1.105217135958441639e-18
1.710000000000000000e+02 1.538226238266408322e-20
1.730000000000000000e+02 1.725261973097459330e-22
1.750000000000000000e+02 1.548400680802629936e-24
1.770000000000000000e+02 1.102056332427366386e-26
1.790000000000000000e+02 6.150528748067369274e-29
1.810000000000000000e+02 2.653742875646708960e-31
1.830000000000000000e+02 8.695427815447511921e-34
1.850000000000000000e+02 2.115073573783807448e-36
1.870000000000000000e+02 3.707894263292936350e-39
1.890000000000000000e+02 4.503750977353813771e-42
1.910000000000000000e+02 3.588679507821307705e-45
1.930000000000000000e+02 1.731578713282030099e-48
1.950000000000000000e+02 4.453381986671304844e-52
1.970000000000000000e+02 4.830428918981235958e-56
1.990000000000000000e+02 1.244603055572189375e-60
